1765057040314 0.02 1
1765057040663 0.04 2
1765057041002 0.06 3
1765057041360 0.08 4
1765057041706 0.1 5
1765057042045 0.12 6
1765057042396 0.14 7
1765057042738 0.16 8
1765057043076 0.18 9
1765057043436 0.2 10
1765057043776 0.22 11
1765057044114 0.24 12
1765057044471 0.26 13
1765057044820 0.28 14
1765057045153 0.3 15
1765057045513 0.32 16
1765057045947 0.34 17
1765057046382 0.36 18
1765057046802 0.38 19
1765057047244 0.4 20
1765057047730 0.42 21
1765057048069 0.44 22
1765057048409 0.46 23
1765057048766 0.48 24
1765057049110 0.5 25
1765057049450 0.52 26
1765057049814 0.54 27
1765057050152 0.56 28
1765057050496 0.58 29
1765057050849 0.6 30
1765057051197 0.62 31
1765057051563 0.64 32
1765057051927 0.66 33
1765057052268 0.68 34
1765057052611 0.7 35
1765057052970 0.72 36
1765057053311 0.74 37
1765057053655 0.76 38
1765057054008 0.78 39
1765057054350 0.8 40
1765057054699 0.82 41
1765057055058 0.84 42
1765057055395 0.86 43
1765057055743 0.88 44
1765057056089 0.9 45
1765057056436 0.92 46
1765057056784 0.94 47
1765057057128 0.96 48
1765057057477 0.98 49
1765057057641 1.0 50
1765057061365 1.0 50
1765057062064 1.02 51
1765057062419 1.04 52
1765057062756 1.06 53
1765057063099 1.08 54
1765057063450 1.1 55
1765057063795 1.12 56
1765057064136 1.1400000000000001 57
1765057064490 1.16 58
1765057064829 1.18 59
1765057065188 1.2 60
1765057065552 1.22 61
1765057065890 1.24 62
1765057066234 1.26 63
1765057066582 1.28 64
1765057066922 1.3 65
1765057067268 1.32 66
1765057067616 1.34 67
1765057067954 1.3599999999999999 68
1765057068306 1.38 69
1765057068659 1.4 70
1765057069005 1.42 71
1765057069355 1.44 72
1765057069700 1.46 73
1765057070039 1.48 74
1765057070449 1.5 75
1765057070886 1.52 76
1765057071319 1.54 77
1765057071769 1.56 78
1765057072234 1.58 79
1765057072658 1.6 80
1765057072999 1.62 81
1765057073340 1.6400000000000001 82
1765057073685 1.6600000000000001 83
1765057074028 1.6800000000000002 84
1765057074369 1.7 85
1765057074718 1.72 86
1765057075057 1.74 87
1765057075409 1.76 88
1765057075753 1.78 89
1765057076099 1.8 90
1765057076445 1.8199999999999998 91
1765057076789 1.8399999999999999 92
1765057077133 1.8599999999999999 93
1765057077480 1.88 94
1765057077821 1.9 95
1765057078163 1.92 96
1765057078526 1.94 97
1765057078873 1.96 98
1765057079215 1.98 99
1765057079383 2.0 100
1765057082339 2.0 100
1765057083266 2.02 101
1765057083707 2.04 102
1765057084156 2.06 103
1765057084617 2.08 104
1765057085004 2.1 105
1765057085360 2.12 106
1765057085720 2.14 107
1765057086061 2.16 108
1765057086417 2.18 109
1765057086765 2.2 110
1765057087111 2.22 111
1765057087472 2.24 112
1765057087816 2.26 113
1765057088163 2.2800000000000002 114
1765057088519 2.3 115
1765057088865 2.32 116
1765057089213 2.34 117
1765057089569 2.36 118
1765057089914 2.38 119
1765057090263 2.4 120
1765057090607 2.42 121
1765057090951 2.44 122
1765057091304 2.46 123
1765057091644 2.48 124
1765057091987 2.5 125
1765057092334 2.52 126
1765057092686 2.54 127
1765057093035 2.56 128
1765057093380 2.58 129
1765057093726 2.6 130
1765057094071 2.62 131
1765057094418 2.64 132
1765057094768 2.66 133
1765057095224 2.68 134
1765057095683 2.7 135
1765057096125 2.7199999999999998 136
1765057096576 2.74 137
1765057097036 2.76 138
1765057097383 2.7800000000000002 139
1765057097747 2.8 140
1765057098092 2.82 141
1765057098441 2.84 142
1765057098801 2.86 143
1765057099148 2.88 144
1765057099501 2.9 145
1765057099865 2.92 146
1765057100215 2.94 147
1765057100561 2.96 148
1765057100924 2.98 149
1765057101094 3.0 150
1765057104016 3.0 150
1765057104715 3.02 151
1765057105078 3.04 152
1765057105425 3.06 153
1765057105778 3.08 154
1765057106142 3.1 155
1765057106488 3.12 156
1765057106834 3.14 157
1765057107224 3.16 158
1765057107670 3.18 159
1765057108116 3.2 160
1765057108555 3.22 161
1765057109011 3.24 162
1765057109455 3.26 163
1765057109824 3.2800000000000002 164
1765057110168 3.3 165
1765057110518 3.32 166
1765057110867 3.34 167
1765057111215 3.36 168
1765057111569 3.38 169
1765057111942 3.4 170
1765057112311 3.42 171
1765057112666 3.44 172
1765057113010 3.46 173
1765057113389 3.48 174
1765057113749 3.5 175
1765057114097 3.52 176
1765057114465 3.54 177
1765057114825 3.56 178
1765057115174 3.58 179
1765057115543 3.6 180
1765057115896 3.62 181
1765057116248 3.64 182
1765057116630 3.66 183
1765057116983 3.68 184
1765057117343 3.7 185
1765057117701 3.7199999999999998 186
1765057118051 3.74 187
1765057118402 3.76 188
1765057118757 3.7800000000000002 189
1765057119107 3.8 190
1765057119508 3.82 191
1765057119959 3.84 192
1765057120402 3.86 193
1765057120881 3.88 194
1765057121353 3.9 195
1765057121744 3.92 196
1765057122094 3.94 197
1765057122449 3.96 198
1765057122814 3.98 199
1765057122989 4.0 200
1765057125936 4.0 200
1765057126623 4.02 201
1765057126991 4.04 202
1765057127340 4.06 203
1765057127697 4.08 204
1765057128070 4.1 205
1765057128421 4.12 206
1765057128780 4.14 207
1765057129147 4.16 208
1765057129505 4.18 209
1765057129861 4.2 210
1765057130225 4.22 211
1765057130581 4.24 212
1765057130936 4.26 213
1765057131296 4.28 214
1765057131668 4.3 215
1765057132123 4.32 216
1765057132578 4.34 217
1765057133016 4.36 218
1765057133496 4.38 219
1765057133937 4.4 220
1765057134311 4.42 221
1765057134661 4.44 222
1765057135011 4.46 223
1765057135379 4.48 224
1765057135734 4.5 225
1765057136083 4.52 226
1765057136455 4.54 227
1765057136810 4.5600000000000005 228
1765057137172 4.58 229
1765057137539 4.6 230
1765057137892 4.62 231
1765057138249 4.64 232
1765057138603 4.66 233
1765057138954 4.68 234
1765057139310 4.7 235
1765057139661 4.72 236
1765057140018 4.74 237
1765057140365 4.76 238
1765057140719 4.78 239
1765057141092 4.8 240
1765057141447 4.82 241
1765057141807 4.84 242
1765057142157 4.86 243
1765057142506 4.88 244
1765057142857 4.9 245
1765057143212 4.92 246
1765057143577 4.9399999999999995 247
1765057143985 4.96 248
1765057144449 4.98 249
1765057144628 5.0 250
1765057148014 5.0 250
1765057148713 5.02 251
1765057149060 5.04 252
1765057149405 5.06 253
1765057149756 5.08 254
1765057150108 5.1 255
1765057150458 5.12 256
1765057150822 5.14 257
1765057151166 5.16 258
1765057151519 5.18 259
1765057151868 5.2 260
1765057152212 5.22 261
1765057152566 5.24 262
1765057152916 5.26 263
1765057153262 5.28 264
1765057153612 5.3 265
1765057153969 5.32 266
1765057154333 5.34 267
1765057154684 5.36 268
1765057155048 5.38 269
1765057155396 5.4 270
1765057155746 5.42 271
1765057156109 5.44 272
1765057156553 5.46 273
1765057156999 5.48 274
1765057157426 5.5 275
1765057157878 5.52 276
1765057158349 5.54 277
1765057158701 5.5600000000000005 278
1765057159052 5.58 279
1765057159404 5.6 280
1765057159752 5.62 281
1765057160100 5.64 282
1765057160454 5.66 283
1765057160803 5.68 284
1765057161148 5.7 285
1765057161498 5.72 286
1765057161847 5.74 287
1765057162193 5.76 288
1765057162545 5.78 289
1765057162890 5.8 290
1765057163239 5.82 291
1765057163589 5.84 292
1765057163943 5.86 293
1765057164291 5.88 294
1765057164652 5.9 295
1765057165007 5.92 296
1765057165355 5.9399999999999995 297
1765057165707 5.96 298
1765057166057 5.98 299
1765057166226 6.0 300
1765057169481 6.0 300
1765057170492 6.02 301
1765057170855 6.04 302
1765057171197 6.06 303
1765057171548 6.08 304
1765057171923 6.1 305
1765057172271 6.12 306
1765057172622 6.14 307
1765057172971 6.16 308
1765057173332 6.18 309
1765057173680 6.2 310
1765057174027 6.22 311
1765057174381 6.24 312
1765057174729 6.26 313
1765057175085 6.28 314
1765057175433 6.3 315
1765057175781 6.32 316
1765057176130 6.34 317
1765057176478 6.36 318
1765057176825 6.38 319
1765057177173 6.4 320
1765057177521 6.42 321
1765057177868 6.44 322
1765057178226 6.46 323
1765057178580 6.48 324
1765057178927 6.5 325
1765057179274 6.52 326
1765057179621 6.54 327
1765057179966 6.5600000000000005 328
1765057180314 6.58 329
1765057180676 6.6 330
1765057181128 6.62 331
1765057181575 6.64 332
1765057182018 6.66 333
1765057182475 6.68 334
1765057182903 6.7 335
1765057183265 6.72 336
1765057183616 6.74 337
1765057183970 6.76 338
1765057184336 6.78 339
1765057184686 6.8 340
1765057185037 6.82 341
1765057185401 6.84 342
1765057185756 6.86 343
1765057186103 6.88 344
1765057186469 6.9 345
1765057186821 6.92 346
1765057187174 6.9399999999999995 347
1765057187527 6.96 348
1765057187886 6.98 349
1765057188059 7.0 350
1765057190948 7.0 350
1765057191638 7.02 351
1765057191986 7.04 352
1765057192336 7.06 353
1765057192707 7.08 354
1765057193160 7.1 355
1765057193622 7.12 356
1765057194056 7.14 357
1765057194509 7.16 358
1765057194980 7.18 359
1765057195329 7.2 360
1765057195685 7.22 361
1765057196038 7.24 362
1765057196398 7.26 363
1765057196758 7.28 364
1765057197108 7.3 365
1765057197478 7.32 366
1765057197850 7.34 367
1765057198207 7.36 368
1765057198558 7.38 369
1765057198927 7.4 370
1765057199274 7.42 371
1765057199625 7.44 372
1765057199993 7.46 373
1765057200344 7.48 374
1765057200707 7.5 375
1765057201080 7.52 376
1765057201436 7.54 377
1765057201795 7.5600000000000005 378
1765057202181 7.58 379
1765057202537 7.6 380
1765057202888 7.62 381
1765057203240 7.64 382
1765057203593 7.66 383
1765057203942 7.68 384
1765057204293 7.7 385
1765057204644 7.72 386
1765057205000 7.74 387
1765057205443 7.76 388
1765057205894 7.78 389
1765057206371 7.8 390
1765057206846 7.82 391
1765057207326 7.84 392
1765057207697 7.86 393
1765057208057 7.88 394
1765057208425 7.9 395
1765057208773 7.92 396
1765057209126 7.9399999999999995 397
1765057209486 7.96 398
1765057209838 7.98 399
1765057210012 8.0 400
1765057212901 8.0 400
1765057213604 8.02 401
1765057213957 8.04 402
1765057214308 8.06 403
1765057214666 8.08 404
1765057215011 8.1 405
1765057215362 8.12 406
1765057215712 8.14 407
1765057216060 8.16 408
1765057216432 8.18 409
1765057216784 8.2 410
1765057217134 8.22 411
1765057217588 8.24 412
1765057218066 8.26 413
1765057218508 8.28 414
1765057218968 8.3 415
1765057219437 8.32 416
1765057219798 8.34 417
1765057220147 8.36 418
1765057220496 8.38 419
1765057220861 8.4 420
1765057221209 8.42 421
1765057221561 8.44 422
1765057221928 8.46 423
1765057222274 8.48 424
1765057222624 8.5 425
1765057222981 8.52 426
1765057223327 8.54 427
1765057223686 8.56 428
1765057224038 8.58 429
1765057224386 8.6 430
1765057224738 8.62 431
1765057225085 8.64 432
1765057225436 8.66 433
1765057225783 8.68 434
1765057226132 8.7 435
1765057226483 8.72 436
1765057226833 8.74 437
1765057227186 8.76 438
1765057227534 8.78 439
1765057227882 8.8 440
1765057228244 8.82 441
1765057228597 8.84 442
1765057228947 8.86 443
1765057229299 8.88 444
1765057229721 8.9 445
1765057230178 8.92 446
1765057230616 8.94 447
1765057231093 8.96 448
1765057231556 8.98 449
1765057231727 9.0 450
1765057234649 9.0 450
1765057235350 9.02 451
1765057235700 9.04 452
1765057236048 9.06 453
1765057236408 9.08 454
1765057236780 9.1 455
1765057237127 9.12 456
1765057237492 9.14 457
1765057237848 9.16 458
1765057238202 9.18 459
1765057238561 9.2 460
1765057238916 9.22 461
1765057239273 9.24 462
1765057239621 9.26 463
1765057239972 9.28 464
1765057240329 9.3 465
1765057240680 9.32 466
1765057241031 9.34 467
1765057241379 9.36 468
1765057241749 9.38 469
1765057242192 9.4 470
1765057242650 9.42 471
1765057243085 9.44 472
1765057243535 9.46 473
1765057243946 9.48 474
1765057244294 9.5 475
1765057244656 9.52 476
1765057245009 9.54 477
1765057245359 9.56 478
1765057245723 9.58 479
1765057246072 9.6 480
1765057246419 9.62 481
1765057246785 9.64 482
1765057247134 9.66 483
1765057247486 9.68 484
1765057247848 9.7 485
1765057248201 9.72 486
1765057248558 9.74 487
1765057248923 9.76 488
1765057249285 9.78 489
1765057249634 9.8 490
1765057249984 9.82 491
1765057250334 9.84 492
1765057250687 9.86 493
1765057251038 9.88 494
1765057251393 9.9 495
1765057251748 9.92 496
1765057252098 9.94 497
1765057252456 9.96 498
1765057252808 9.98 499
1765057252982 10.0 500
1765057256585 10.0 500
1765057256767 10.0 500
