1765057040314 1.3570457696914673 1
1765057040663 1.4561964273452759 2
1765057041002 1.1174533367156982 3
1765057041360 1.2148113250732422 4
1765057041706 1.10283625125885 5
1765057042045 1.4969147443771362 6
1765057042396 1.2827911376953125 7
1765057042738 1.5108251571655273 8
1765057043076 1.2051528692245483 9
1765057043436 1.2648946046829224 10
1765057043776 1.2684029340744019 11
1765057044114 1.2213294506072998 12
1765057044471 1.2569329738616943 13
1765057044820 1.3946692943572998 14
1765057045153 1.1584893465042114 15
1765057045513 1.1882960796356201 16
1765057045947 1.2510528564453125 17
1765057046382 1.192399501800537 18
1765057046802 1.2132604122161865 19
1765057047244 1.1769945621490479 20
1765057047730 2.0953481197357178 21
1765057048069 1.2587504386901855 22
1765057048409 1.247605800628662 23
1765057048766 2.028640031814575 24
1765057049110 1.3920537233352661 25
1765057049450 1.5058274269104004 26
1765057049814 1.166286587715149 27
1765057050152 1.293653130531311 28
1765057050496 1.1978580951690674 29
1765057050849 1.27816903591156 30
1765057051197 1.5030285120010376 31
1765057051563 1.9516210556030273 32
1765057051927 1.4845225811004639 33
1765057052268 1.8181625604629517 34
1765057052611 1.333829402923584 35
1765057052970 1.2724950313568115 36
1765057053311 1.4911208152770996 37
1765057053655 1.2285033464431763 38
1765057054008 1.3014109134674072 39
1765057054350 1.422368049621582 40
1765057054699 1.189985990524292 41
1765057055058 1.4004676342010498 42
1765057055395 1.4862333536148071 43
1765057055743 1.4578297138214111 44
1765057056089 1.202404499053955 45
1765057056436 1.4504400491714478 46
1765057056784 1.2543973922729492 47
1765057057128 1.369306206703186 48
1765057057477 1.192374587059021 49
1765057057641 1.979217529296875 50
1765057062064 1.1903213262557983 51
1765057062419 2.158658981323242 52
1765057062756 1.1630899906158447 53
1765057063099 1.3613649606704712 54
1765057063450 1.34687077999115 55
1765057063795 1.4411031007766724 56
1765057064136 1.2944341897964478 57
1765057064490 2.8062191009521484 58
1765057064829 1.2950843572616577 59
1765057065188 1.1793761253356934 60
1765057065552 2.273763418197632 61
1765057065890 1.9677734375 62
1765057066234 3.2808756828308105 63
1765057066582 1.8342080116271973 64
1765057066922 1.8637933731079102 65
1765057067268 1.3955384492874146 66
1765057067616 1.6319009065628052 67
1765057067954 1.3389134407043457 68
1765057068306 1.300449013710022 69
1765057068659 1.3517476320266724 70
1765057069005 2.781822681427002 71
1765057069355 1.9778670072555542 72
1765057069700 1.4501562118530273 73
1765057070039 1.3699774742126465 74
1765057070449 1.3652790784835815 75
1765057070886 2.1106858253479004 76
1765057071319 1.526906967163086 77
1765057071769 1.2616729736328125 78
1765057072234 1.442765712738037 79
1765057072658 1.4566409587860107 80
1765057072999 2.306896209716797 81
1765057073340 1.5907825231552124 82
1765057073685 1.6746619939804077 83
1765057074028 1.1168360710144043 84
1765057074369 2.135418653488159 85
1765057074718 1.4068505764007568 86
1765057075057 1.2336241006851196 87
1765057075409 1.4943792819976807 88
1765057075753 1.4597278833389282 89
1765057076099 1.314560055732727 90
1765057076445 1.9428989887237549 91
1765057076789 1.4010227918624878 92
1765057077133 1.1464006900787354 93
1765057077480 2.437107801437378 94
1765057077821 2.682323455810547 95
1765057078163 1.213138461112976 96
1765057078526 2.965834379196167 97
1765057078873 1.9639019966125488 98
1765057079215 1.1408767700195312 99
1765057079383 1.443233847618103 100
1765057083266 2.411590337753296 101
1765057083707 2.456048011779785 102
1765057084156 1.22652268409729 103
1765057084617 1.8400914669036865 104
1765057085004 2.9898362159729004 105
1765057085360 1.598002314567566 106
1765057085720 1.2564070224761963 107
1765057086061 2.9793972969055176 108
1765057086417 1.2578132152557373 109
1765057086765 1.5648988485336304 110
1765057087111 1.3345696926116943 111
1765057087472 2.554823637008667 112
1765057087816 1.2235137224197388 113
1765057088163 2.389153003692627 114
1765057088519 1.7495304346084595 115
1765057088865 2.4417459964752197 116
1765057089213 1.891463041305542 117
1765057089569 1.716670274734497 118
1765057089914 2.0677378177642822 119
1765057090263 1.970674991607666 120
1765057090607 2.2801551818847656 121
1765057090951 3.3831794261932373 122
1765057091304 4.197465419769287 123
1765057091644 2.0093233585357666 124
1765057091987 3.1599152088165283 125
1765057092334 2.0231823921203613 126
1765057092686 2.783195734024048 127
1765057093035 1.5895287990570068 128
1765057093380 3.3517534732818604 129
1765057093726 1.1849979162216187 130
1765057094071 2.88714599609375 131
1765057094418 1.761488914489746 132
1765057094768 3.6067774295806885 133
1765057095224 1.3509290218353271 134
1765057095683 1.7639374732971191 135
1765057096125 1.518508791923523 136
1765057096576 1.5402475595474243 137
1765057097036 2.388322114944458 138
1765057097383 1.7751189470291138 139
1765057097747 1.1529244184494019 140
1765057098092 3.235787868499756 141
1765057098441 1.3732426166534424 142
1765057098801 1.2684636116027832 143
1765057099148 1.437778115272522 144
1765057099501 2.3595540523529053 145
1765057099865 1.436774730682373 146
1765057100215 1.5400630235671997 147
1765057100561 1.2586045265197754 148
1765057100924 2.5408120155334473 149
1765057101094 1.7910938262939453 150
1765057104715 1.310611605644226 151
1765057105078 2.4473838806152344 152
1765057105425 1.5318610668182373 153
1765057105778 3.571503162384033 154
1765057106142 2.07232403755188 155
1765057106488 4.1566948890686035 156
1765057106834 1.9284383058547974 157
1765057107224 2.8842732906341553 158
1765057107670 2.693012237548828 159
1765057108116 5.10360860824585 160
1765057108555 1.3435193300247192 161
1765057109011 1.8376286029815674 162
1765057109455 4.642537593841553 163
1765057109824 2.742849826812744 164
1765057110168 0.9887155890464783 165
1765057110518 1.1163898706436157 166
1765057110867 3.649583101272583 167
1765057111215 3.0916106700897217 168
1765057111569 1.0486071109771729 169
1765057111942 3.0291314125061035 170
1765057112311 2.8244197368621826 171
1765057112666 1.0345127582550049 172
1765057113010 1.095976710319519 173
1765057113389 1.5544087886810303 174
1765057113749 1.201728105545044 175
1765057114097 1.1729353666305542 176
1765057114465 1.1232242584228516 177
1765057114825 1.194332480430603 178
1765057115174 3.275115966796875 179
1765057115543 1.8086905479431152 180
1765057115896 2.9924747943878174 181
1765057116248 2.090041399002075 182
1765057116630 1.4410337209701538 183
1765057116983 1.0504720211029053 184
1765057117343 1.410404086112976 185
1765057117701 2.020678758621216 186
1765057118051 0.9852835536003113 187
1765057118402 5.437922477722168 188
1765057118757 1.5780692100524902 189
1765057119107 4.213390827178955 190
1765057119508 4.010194778442383 191
1765057119959 16.60122299194336 192
1765057120402 1.2096385955810547 193
1765057120881 1.0186501741409302 194
1765057121353 3.954969882965088 195
1765057121744 0.9898381233215332 196
1765057122094 2.4636247158050537 197
1765057122449 2.651013135910034 198
1765057122814 2.3404030799865723 199
1765057122989 2.0907115936279297 200
1765057126623 1.83344304561615 201
1765057126991 1.6962252855300903 202
1765057127340 3.058018207550049 203
1765057127697 0.9454090595245361 204
1765057128070 1.8941185474395752 205
1765057128421 1.100514531135559 206
1765057128780 1.1299185752868652 207
1765057129147 4.780128479003906 208
1765057129505 4.076029300689697 209
1765057129861 0.9825252890586853 210
1765057130225 2.1189005374908447 211
1765057130581 5.102094650268555 212
1765057130936 2.6710500717163086 213
1765057131296 1.5618152618408203 214
1765057131668 1.459824800491333 215
1765057132123 1.4977295398712158 216
1765057132578 1.4595506191253662 217
1765057133016 2.9770936965942383 218
1765057133496 6.340065002441406 219
1765057133937 1.6431021690368652 220
1765057134311 2.7556142807006836 221
1765057134661 3.935561418533325 222
1765057135011 0.6275007128715515 223
1765057135379 0.7294886708259583 224
1765057135734 0.8783378005027771 225
1765057136083 14.907992362976074 226
1765057136455 1.0505403280258179 227
1765057136810 2.983537435531616 228
1765057137172 1.8565033674240112 229
1765057137539 1.2979689836502075 230
1765057137892 1.2831496000289917 231
1765057138249 3.7532570362091064 232
1765057138603 6.778903961181641 233
1765057138954 2.399184465408325 234
1765057139310 1.8595120906829834 235
1765057139661 1.4519109725952148 236
1765057140018 4.030957221984863 237
1765057140365 9.638574600219727 238
1765057140719 4.451794147491455 239
1765057141092 3.8295888900756836 240
1765057141447 2.6667919158935547 241
1765057141807 2.1033504009246826 242
1765057142157 3.8215672969818115 243
1765057142506 2.1076576709747314 244
1765057142857 0.9607250690460205 245
1765057143212 0.7151072025299072 246
1765057143577 5.260695457458496 247
1765057143985 1.667917251586914 248
1765057144449 2.3712637424468994 249
1765057144628 1.4051265716552734 250
1765057148713 1.1964925527572632 251
1765057149060 4.379711151123047 252
1765057149405 1.2687394618988037 253
1765057149756 2.912782669067383 254
1765057150108 1.799872875213623 255
1765057150458 8.319076538085938 256
1765057150822 5.114387512207031 257
1765057151166 3.094264030456543 258
1765057151519 1.7287858724594116 259
1765057151868 1.5244455337524414 260
1765057152212 0.5433971881866455 261
1765057152566 2.858224868774414 262
1765057152916 2.0879502296447754 263
1765057153262 0.72864830493927 264
1765057153612 1.3420894145965576 265
1765057153969 9.84296989440918 266
1765057154333 5.975514888763428 267
1765057154684 1.2665724754333496 268
1765057155048 2.0192642211914062 269
1765057155396 3.413827419281006 270
1765057155746 1.3385649919509888 271
1765057156109 0.540810763835907 272
1765057156553 2.448930025100708 273
1765057156999 3.189570903778076 274
1765057157426 3.832770824432373 275
1765057157878 6.500863075256348 276
1765057158349 24.495027542114258 277
1765057158701 6.021288871765137 278
1765057159052 11.094612121582031 279
1765057159404 2.342695951461792 280
1765057159752 4.894224166870117 281
1765057160100 3.831371307373047 282
1765057160454 5.131713390350342 283
1765057160803 0.6661050319671631 284
1765057161148 5.348347187042236 285
1765057161498 0.6309500932693481 286
1765057161847 5.571139335632324 287
1765057162193 2.515259265899658 288
1765057162545 0.6586030125617981 289
1765057162890 0.6334157586097717 290
1765057163239 2.8135247230529785 291
1765057163589 1.6730973720550537 292
1765057163943 2.5789122581481934 293
1765057164291 1.3228596448898315 294
1765057164652 0.9530712366104126 295
1765057165007 7.228602886199951 296
1765057165355 3.7044332027435303 297
1765057165707 3.6060068607330322 298
1765057166057 0.6660149097442627 299
1765057166226 4.42354154586792 300
1765057170492 0.8012396097183228 301
1765057170855 0.7854359745979309 302
1765057171197 2.3965799808502197 303
1765057171548 0.9061264395713806 304
1765057171923 1.420540690422058 305
1765057172271 5.078293323516846 306
1765057172622 1.6322745084762573 307
1765057172971 0.7493429780006409 308
1765057173332 5.902380466461182 309
1765057173680 5.618503570556641 310
1765057174027 2.571397304534912 311
1765057174381 1.468159794807434 312
1765057174729 0.6606858968734741 313
1765057175085 2.5557007789611816 314
1765057175433 4.6755805015563965 315
1765057175781 0.5397509932518005 316
1765057176130 9.396594047546387 317
1765057176478 1.9364707469940186 318
1765057176825 7.4816107749938965 319
1765057177173 0.7422418594360352 320
1765057177521 6.131747245788574 321
1765057177868 0.572945237159729 322
1765057178226 2.253229856491089 323
1765057178580 0.7595931887626648 324
1765057178927 3.971909523010254 325
1765057179274 2.300119400024414 326
1765057179621 0.7484768629074097 327
1765057179966 5.122043609619141 328
1765057180314 2.24991512298584 329
1765057180676 0.6975489258766174 330
1765057181128 6.917581558227539 331
1765057181575 1.7084382772445679 332
1765057182018 0.7756765484809875 333
1765057182475 5.288599491119385 334
1765057182903 1.0404680967330933 335
1765057183265 3.365112781524658 336
1765057183616 0.6732637882232666 337
1765057183970 1.857601284980774 338
1765057184336 2.2967865467071533 339
1765057184686 0.646377444267273 340
1765057185037 2.991077423095703 341
1765057185401 10.925082206726074 342
1765057185756 4.968922138214111 343
1765057186103 4.132266044616699 344
1765057186469 2.828803777694702 345
1765057186821 3.1426424980163574 346
1765057187174 0.7968258857727051 347
1765057187527 4.021109104156494 348
1765057187886 0.5019931197166443 349
1765057188059 10.48291015625 350
1765057191638 6.968644618988037 351
1765057191986 3.794630765914917 352
1765057192336 0.6335963606834412 353
1765057192707 0.7369786500930786 354
1765057193160 0.5223227143287659 355
1765057193622 1.1184598207473755 356
1765057194056 3.3846676349639893 357
1765057194509 1.4283641576766968 358
1765057194980 2.540018320083618 359
1765057195329 1.6894367933273315 360
1765057195685 5.307325839996338 361
1765057196038 5.366182804107666 362
1765057196398 6.276550769805908 363
1765057196758 1.3015211820602417 364
1765057197108 7.0853071212768555 365
1765057197478 2.994863986968994 366
1765057197850 0.6515899896621704 367
1765057198207 0.579522967338562 368
1765057198558 1.4516513347625732 369
1765057198927 2.374985933303833 370
1765057199274 1.415706992149353 371
1765057199625 0.5938811302185059 372
1765057199993 2.2146780490875244 373
1765057200344 1.474227786064148 374
1765057200707 1.7952253818511963 375
1765057201080 1.3655526638031006 376
1765057201436 1.6283682584762573 377
1765057201795 3.104677677154541 378
1765057202181 1.1848708391189575 379
1765057202537 1.3256175518035889 380
1765057202888 0.6464658379554749 381
1765057203240 4.684230804443359 382
1765057203593 0.47711271047592163 383
1765057203942 5.653560161590576 384
1765057204293 8.656644821166992 385
1765057204644 0.6735162138938904 386
1765057205000 1.6437567472457886 387
1765057205443 0.6766873598098755 388
1765057205894 1.1020337343215942 389
1765057206371 20.435712814331055 390
1765057206846 2.8420355319976807 391
1765057207326 8.081014633178711 392
1765057207697 1.2376712560653687 393
1765057208057 1.5946823358535767 394
1765057208425 0.6954166293144226 395
1765057208773 1.7730720043182373 396
1765057209126 1.5708993673324585 397
1765057209486 6.254284858703613 398
1765057209838 2.8158464431762695 399
1765057210012 9.433815956115723 400
1765057213604 1.884211540222168 401
1765057213957 0.3926697373390198 402
1765057214308 2.1468865871429443 403
1765057214666 13.544588088989258 404
1765057215011 0.5817211270332336 405
1765057215362 1.890433430671692 406
1765057215712 1.064978003501892 407
1765057216060 3.339078664779663 408
1765057216432 2.7624361515045166 409
1765057216784 0.6188550591468811 410
1765057217134 17.21455192565918 411
1765057217588 0.9080076217651367 412
1765057218066 0.4027628004550934 413
1765057218508 1.8277161121368408 414
1765057218968 0.3531770408153534 415
1765057219437 1.936205267906189 416
1765057219798 0.4983769655227661 417
1765057220147 4.005481719970703 418
1765057220496 15.419532775878906 419
1765057220861 3.0077643394470215 420
1765057221209 2.793597936630249 421
1765057221561 0.5159563422203064 422
1765057221928 1.2351866960525513 423
1765057222274 0.5863034129142761 424
1765057222624 1.173771619796753 425
1765057222981 2.641127586364746 426
1765057223327 8.565689086914062 427
1765057223686 0.9247822761535645 428
1765057224038 0.9638371467590332 429
1765057224386 0.7421112656593323 430
1765057224738 1.2487523555755615 431
1765057225085 12.961714744567871 432
1765057225436 7.212037563323975 433
1765057225783 0.61012864112854 434
1765057226132 29.116214752197266 435
1765057226483 2.1926193237304688 436
1765057226833 4.526715278625488 437
1765057227186 3.4359636306762695 438
1765057227534 9.303641319274902 439
1765057227882 1.9929559230804443 440
1765057228244 2.341862916946411 441
1765057228597 1.1766016483306885 442
1765057228947 0.5538197159767151 443
1765057229299 0.7891337871551514 444
1765057229721 9.304933547973633 445
1765057230178 4.552565574645996 446
1765057230616 5.738280296325684 447
1765057231093 4.324811935424805 448
1765057231556 15.380614280700684 449
1765057231727 3.4812769889831543 450
1765057235350 9.283601760864258 451
1765057235700 2.4768245220184326 452
1765057236048 0.7287964224815369 453
1765057236408 3.6289494037628174 454
1765057236780 1.1597166061401367 455
1765057237127 0.7583777904510498 456
1765057237492 0.5892577171325684 457
1765057237848 0.3803631365299225 458
1765057238202 6.4633307456970215 459
1765057238561 0.6453912258148193 460
1765057238916 0.6529103517532349 461
1765057239273 2.4570088386535645 462
1765057239621 3.1019349098205566 463
1765057239972 4.017549514770508 464
1765057240329 1.01930570602417 465
1765057240680 1.3304541110992432 466
1765057241031 1.046433448791504 467
1765057241379 1.016184687614441 468
1765057241749 6.708683967590332 469
1765057242192 2.2660367488861084 470
1765057242650 2.058457612991333 471
1765057243085 0.5869524478912354 472
1765057243535 0.6953346133232117 473
1765057243946 4.766058444976807 474
1765057244294 5.8910112380981445 475
1765057244656 0.8292672038078308 476
1765057245009 0.4710778295993805 477
1765057245359 3.4284324645996094 478
1765057245723 3.357419967651367 479
1765057246072 5.707896709442139 480
1765057246419 0.49308502674102783 481
1765057246785 0.905785083770752 482
1765057247134 0.4354996979236603 483
1765057247486 1.0601215362548828 484
1765057247848 0.600012481212616 485
1765057248201 2.001793622970581 486
1765057248558 1.5341196060180664 487
1765057248923 1.7140767574310303 488
1765057249285 0.3361661732196808 489
1765057249634 1.8034355640411377 490
1765057249984 3.4951510429382324 491
1765057250334 5.954575061798096 492
1765057250687 0.8281675577163696 493
1765057251038 4.091198444366455 494
1765057251393 2.4838807582855225 495
1765057251748 0.7783818244934082 496
1765057252098 1.116795301437378 497
1765057252456 5.132205486297607 498
1765057252808 2.150409698486328 499
1765057252982 0.7146408557891846 500
