1765057040314 5e-05 1
1765057040663 4.99e-05 2
1765057041002 4.9800000000000004e-05 3
1765057041360 4.97e-05 4
1765057041706 4.96e-05 5
1765057042045 4.9500000000000004e-05 6
1765057042396 4.94e-05 7
1765057042738 4.93e-05 8
1765057043076 4.92e-05 9
1765057043436 4.91e-05 10
1765057043776 4.9e-05 11
1765057044114 4.89e-05 12
1765057044471 4.88e-05 13
1765057044820 4.87e-05 14
1765057045153 4.86e-05 15
1765057045513 4.85e-05 16
1765057045947 4.8400000000000004e-05 17
1765057046382 4.83e-05 18
1765057046802 4.82e-05 19
1765057047244 4.8100000000000004e-05 20
1765057047730 4.8e-05 21
1765057048069 4.79e-05 22
1765057048409 4.78e-05 23
1765057048766 4.77e-05 24
1765057049110 4.76e-05 25
1765057049450 4.75e-05 26
1765057049814 4.74e-05 27
1765057050152 4.73e-05 28
1765057050496 4.72e-05 29
1765057050849 4.71e-05 30
1765057051197 4.7e-05 31
1765057051563 4.69e-05 32
1765057051927 4.6800000000000006e-05 33
1765057052268 4.6700000000000003e-05 34
1765057052611 4.660000000000001e-05 35
1765057052970 4.6500000000000005e-05 36
1765057053311 4.64e-05 37
1765057053655 4.630000000000001e-05 38
1765057054008 4.6200000000000005e-05 39
1765057054350 4.61e-05 40
1765057054699 4.600000000000001e-05 41
1765057055058 4.5900000000000004e-05 42
1765057055395 4.58e-05 43
1765057055743 4.5700000000000006e-05 44
1765057056089 4.5600000000000004e-05 45
1765057056436 4.55e-05 46
1765057056784 4.5400000000000006e-05 47
1765057057128 4.53e-05 48
1765057057477 4.52e-05 49
1765057057641 4.5100000000000005e-05 50
1765057062064 4.5e-05 51
1765057062419 4.49e-05 52
1765057062756 4.4800000000000005e-05 53
1765057063099 4.47e-05 54
1765057063450 4.46e-05 55
1765057063795 4.4500000000000004e-05 56
1765057064136 4.44e-05 57
1765057064490 4.43e-05 58
1765057064829 4.4200000000000004e-05 59
1765057065188 4.41e-05 60
1765057065552 4.4000000000000006e-05 61
1765057065890 4.39e-05 62
1765057066234 4.38e-05 63
1765057066582 4.3700000000000005e-05 64
1765057066922 4.36e-05 65
1765057067268 4.35e-05 66
1765057067616 4.3400000000000005e-05 67
1765057067954 4.33e-05 68
1765057068306 4.32e-05 69
1765057068659 4.3100000000000004e-05 70
1765057069005 4.3e-05 71
1765057069355 4.29e-05 72
1765057069700 4.2800000000000004e-05 73
1765057070039 4.27e-05 74
1765057070449 4.26e-05 75
1765057070886 4.25e-05 76
1765057071319 4.24e-05 77
1765057071769 4.23e-05 78
1765057072234 4.22e-05 79
1765057072658 4.21e-05 80
1765057072999 4.2e-05 81
1765057073340 4.19e-05 82
1765057073685 4.18e-05 83
1765057074028 4.17e-05 84
1765057074369 4.16e-05 85
1765057074718 4.15e-05 86
1765057075057 4.14e-05 87
1765057075409 4.13e-05 88
1765057075753 4.12e-05 89
1765057076099 4.11e-05 90
1765057076445 4.1e-05 91
1765057076789 4.09e-05 92
1765057077133 4.08e-05 93
1765057077480 4.07e-05 94
1765057077821 4.0600000000000004e-05 95
1765057078163 4.05e-05 96
1765057078526 4.0400000000000006e-05 97
1765057078873 4.0300000000000004e-05 98
1765057079215 4.02e-05 99
1765057079383 4.0100000000000006e-05 100
1765057083266 4e-05 101
1765057083707 3.99e-05 102
1765057084156 3.9800000000000005e-05 103
1765057084617 3.97e-05 104
1765057085004 3.960000000000001e-05 105
1765057085360 3.9500000000000005e-05 106
1765057085720 3.94e-05 107
1765057086061 3.9300000000000007e-05 108
1765057086417 3.9200000000000004e-05 109
1765057086765 3.91e-05 110
1765057087111 3.9000000000000006e-05 111
1765057087472 3.8900000000000004e-05 112
1765057087816 3.88e-05 113
1765057088163 3.8700000000000006e-05 114
1765057088519 3.86e-05 115
1765057088865 3.85e-05 116
1765057089213 3.8400000000000005e-05 117
1765057089569 3.83e-05 118
1765057089914 3.82e-05 119
1765057090263 3.8100000000000005e-05 120
1765057090607 3.8e-05 121
1765057090951 3.79e-05 122
1765057091304 3.7800000000000004e-05 123
1765057091644 3.77e-05 124
1765057091987 3.76e-05 125
1765057092334 3.7500000000000003e-05 126
1765057092686 3.74e-05 127
1765057093035 3.73e-05 128
1765057093380 3.72e-05 129
1765057093726 3.71e-05 130
1765057094071 3.7e-05 131
1765057094418 3.69e-05 132
1765057094768 3.68e-05 133
1765057095224 3.6700000000000004e-05 134
1765057095683 3.66e-05 135
1765057096125 3.65e-05 136
1765057096576 3.6400000000000004e-05 137
1765057097036 3.63e-05 138
1765057097383 3.62e-05 139
1765057097747 3.61e-05 140
1765057098092 3.6e-05 141
1765057098441 3.59e-05 142
1765057098801 3.58e-05 143
1765057099148 3.57e-05 144
1765057099501 3.56e-05 145
1765057099865 3.55e-05 146
1765057100215 3.54e-05 147
1765057100561 3.53e-05 148
1765057100924 3.52e-05 149
1765057101094 3.51e-05 150
1765057104715 3.5e-05 151
1765057105078 3.49e-05 152
1765057105425 3.48e-05 153
1765057105778 3.4699999999999996e-05 154
1765057106142 3.46e-05 155
1765057106488 3.45e-05 156
1765057106834 3.4399999999999996e-05 157
1765057107224 3.430000000000001e-05 158
1765057107670 3.4200000000000005e-05 159
1765057108116 3.41e-05 160
1765057108555 3.4000000000000007e-05 161
1765057109011 3.3900000000000004e-05 162
1765057109455 3.38e-05 163
1765057109824 3.3700000000000006e-05 164
1765057110168 3.3600000000000004e-05 165
1765057110518 3.35e-05 166
1765057110867 3.3400000000000005e-05 167
1765057111215 3.33e-05 168
1765057111569 3.32e-05 169
1765057111942 3.3100000000000005e-05 170
1765057112311 3.3e-05 171
1765057112666 3.29e-05 172
1765057113010 3.2800000000000004e-05 173
1765057113389 3.27e-05 174
1765057113749 3.26e-05 175
1765057114097 3.2500000000000004e-05 176
1765057114465 3.24e-05 177
1765057114825 3.2300000000000006e-05 178
1765057115174 3.2200000000000003e-05 179
1765057115543 3.21e-05 180
1765057115896 3.2000000000000005e-05 181
1765057116248 3.19e-05 182
1765057116630 3.18e-05 183
1765057116983 3.1700000000000005e-05 184
1765057117343 3.16e-05 185
1765057117701 3.15e-05 186
1765057118051 3.1400000000000004e-05 187
1765057118402 3.13e-05 188
1765057118757 3.12e-05 189
1765057119107 3.1100000000000004e-05 190
1765057119508 3.1e-05 191
1765057119959 3.09e-05 192
1765057120402 3.08e-05 193
1765057120881 3.07e-05 194
1765057121353 3.06e-05 195
1765057121744 3.05e-05 196
1765057122094 3.04e-05 197
1765057122449 3.03e-05 198
1765057122814 3.02e-05 199
1765057122989 3.01e-05 200
1765057126623 3e-05 201
1765057126991 2.9900000000000002e-05 202
1765057127340 2.98e-05 203
1765057127697 2.97e-05 204
1765057128070 2.96e-05 205
1765057128421 2.95e-05 206
1765057128780 2.94e-05 207
1765057129147 2.93e-05 208
1765057129505 2.9199999999999998e-05 209
1765057129861 2.91e-05 210
1765057130225 2.9e-05 211
1765057130581 2.8899999999999998e-05 212
1765057130936 2.88e-05 213
1765057131296 2.87e-05 214
1765057131668 2.86e-05 215
1765057132123 2.8499999999999998e-05 216
1765057132578 2.84e-05 217
1765057133016 2.83e-05 218
1765057133496 2.8199999999999998e-05 219
1765057133937 2.8100000000000005e-05 220
1765057134311 2.8000000000000003e-05 221
1765057134661 2.7900000000000004e-05 222
1765057135011 2.7800000000000005e-05 223
1765057135379 2.7700000000000002e-05 224
1765057135734 2.7600000000000003e-05 225
1765057136083 2.7500000000000004e-05 226
1765057136455 2.7400000000000002e-05 227
1765057136810 2.7300000000000003e-05 228
1765057137172 2.7200000000000004e-05 229
1765057137539 2.7100000000000005e-05 230
1765057137892 2.7000000000000002e-05 231
1765057138249 2.6900000000000003e-05 232
1765057138603 2.6800000000000004e-05 233
1765057138954 2.6700000000000002e-05 234
1765057139310 2.6600000000000003e-05 235
1765057139661 2.6500000000000004e-05 236
1765057140018 2.64e-05 237
1765057140365 2.6300000000000002e-05 238
1765057140719 2.6200000000000003e-05 239
1765057141092 2.61e-05 240
1765057141447 2.6000000000000002e-05 241
1765057141807 2.5900000000000003e-05 242
1765057142157 2.58e-05 243
1765057142506 2.57e-05 244
1765057142857 2.5600000000000002e-05 245
1765057143212 2.5500000000000003e-05 246
1765057143577 2.54e-05 247
1765057143985 2.5300000000000002e-05 248
1765057144449 2.5200000000000003e-05 249
1765057144628 2.51e-05 250
1765057148713 2.5e-05 251
1765057149060 2.4900000000000002e-05 252
1765057149405 2.48e-05 253
1765057149756 2.47e-05 254
1765057150108 2.46e-05 255
1765057150458 2.45e-05 256
1765057150822 2.44e-05 257
1765057151166 2.43e-05 258
1765057151519 2.4200000000000002e-05 259
1765057151868 2.41e-05 260
1765057152212 2.4e-05 261
1765057152566 2.39e-05 262
1765057152916 2.38e-05 263
1765057153262 2.37e-05 264
1765057153612 2.36e-05 265
1765057153969 2.35e-05 266
1765057154333 2.3400000000000003e-05 267
1765057154684 2.3300000000000004e-05 268
1765057155048 2.32e-05 269
1765057155396 2.3100000000000002e-05 270
1765057155746 2.3000000000000003e-05 271
1765057156109 2.29e-05 272
1765057156553 2.2800000000000002e-05 273
1765057156999 2.2700000000000003e-05 274
1765057157426 2.26e-05 275
1765057157878 2.25e-05 276
1765057158349 2.2400000000000002e-05 277
1765057158701 2.23e-05 278
1765057159052 2.22e-05 279
1765057159404 2.2100000000000002e-05 280
1765057159752 2.2000000000000003e-05 281
1765057160100 2.19e-05 282
1765057160454 2.18e-05 283
1765057160803 2.1700000000000002e-05 284
1765057161148 2.16e-05 285
1765057161498 2.15e-05 286
1765057161847 2.1400000000000002e-05 287
1765057162193 2.13e-05 288
1765057162545 2.12e-05 289
1765057162890 2.11e-05 290
1765057163239 2.1e-05 291
1765057163589 2.09e-05 292
1765057163943 2.08e-05 293
1765057164291 2.07e-05 294
1765057164652 2.06e-05 295
1765057165007 2.05e-05 296
1765057165355 2.04e-05 297
1765057165707 2.0300000000000002e-05 298
1765057166057 2.0200000000000003e-05 299
1765057166226 2.01e-05 300
1765057170492 2e-05 301
1765057170855 1.9900000000000003e-05 302
1765057171197 1.9800000000000004e-05 303
1765057171548 1.97e-05 304
1765057171923 1.9600000000000002e-05 305
1765057172271 1.9500000000000003e-05 306
1765057172622 1.94e-05 307
1765057172971 1.93e-05 308
1765057173332 1.9200000000000003e-05 309
1765057173680 1.91e-05 310
1765057174027 1.9e-05 311
1765057174381 1.8900000000000002e-05 312
1765057174729 1.88e-05 313
1765057175085 1.87e-05 314
1765057175433 1.86e-05 315
1765057175781 1.85e-05 316
1765057176130 1.84e-05 317
1765057176478 1.83e-05 318
1765057176825 1.8200000000000002e-05 319
1765057177173 1.81e-05 320
1765057177521 1.8e-05 321
1765057177868 1.79e-05 322
1765057178226 1.78e-05 323
1765057178580 1.77e-05 324
1765057178927 1.76e-05 325
1765057179274 1.75e-05 326
1765057179621 1.74e-05 327
1765057179966 1.73e-05 328
1765057180314 1.7199999999999998e-05 329
1765057180676 1.7100000000000002e-05 330
1765057181128 1.7000000000000003e-05 331
1765057181575 1.69e-05 332
1765057182018 1.6800000000000002e-05 333
1765057182475 1.6700000000000003e-05 334
1765057182903 1.66e-05 335
1765057183265 1.65e-05 336
1765057183616 1.6400000000000002e-05 337
1765057183970 1.63e-05 338
1765057184336 1.62e-05 339
1765057184686 1.6100000000000002e-05 340
1765057185037 1.6000000000000003e-05 341
1765057185401 1.59e-05 342
1765057185756 1.58e-05 343
1765057186103 1.5700000000000002e-05 344
1765057186469 1.56e-05 345
1765057186821 1.55e-05 346
1765057187174 1.54e-05 347
1765057187527 1.53e-05 348
1765057187886 1.52e-05 349
1765057188059 1.51e-05 350
1765057191638 1.5e-05 351
1765057191986 1.49e-05 352
1765057192336 1.48e-05 353
1765057192707 1.47e-05 354
1765057193160 1.4599999999999999e-05 355
1765057193622 1.45e-05 356
1765057194056 1.44e-05 357
1765057194509 1.43e-05 358
1765057194980 1.42e-05 359
1765057195329 1.4099999999999999e-05 360
1765057195685 1.4000000000000001e-05 361
1765057196038 1.3900000000000002e-05 362
1765057196398 1.3800000000000002e-05 363
1765057196758 1.3700000000000001e-05 364
1765057197108 1.3600000000000002e-05 365
1765057197478 1.3500000000000001e-05 366
1765057197850 1.3400000000000002e-05 367
1765057198207 1.3300000000000001e-05 368
1765057198558 1.32e-05 369
1765057198927 1.3100000000000002e-05 370
1765057199274 1.3000000000000001e-05 371
1765057199625 1.29e-05 372
1765057199993 1.2800000000000001e-05 373
1765057200344 1.27e-05 374
1765057200707 1.2600000000000001e-05 375
1765057201080 1.25e-05 376
1765057201436 1.24e-05 377
1765057201795 1.23e-05 378
1765057202181 1.22e-05 379
1765057202537 1.2100000000000001e-05 380
1765057202888 1.2e-05 381
1765057203240 1.19e-05 382
1765057203593 1.18e-05 383
1765057203942 1.1700000000000001e-05 384
1765057204293 1.16e-05 385
1765057204644 1.1500000000000002e-05 386
1765057205000 1.1400000000000001e-05 387
1765057205443 1.13e-05 388
1765057205894 1.1200000000000001e-05 389
1765057206371 1.11e-05 390
1765057206846 1.1000000000000001e-05 391
1765057207326 1.09e-05 392
1765057207697 1.08e-05 393
1765057208057 1.0700000000000001e-05 394
1765057208425 1.06e-05 395
1765057208773 1.05e-05 396
1765057209126 1.04e-05 397
1765057209486 1.03e-05 398
1765057209838 1.02e-05 399
1765057210012 1.0100000000000002e-05 400
1765057213604 1e-05 401
1765057213957 9.900000000000002e-06 402
1765057214308 9.800000000000001e-06 403
1765057214666 9.7e-06 404
1765057215011 9.600000000000001e-06 405
1765057215362 9.5e-06 406
1765057215712 9.4e-06 407
1765057216060 9.3e-06 408
1765057216432 9.2e-06 409
1765057216784 9.100000000000001e-06 410
1765057217134 9e-06 411
1765057217588 8.9e-06 412
1765057218066 8.8e-06 413
1765057218508 8.7e-06 414
1765057218968 8.599999999999999e-06 415
1765057219437 8.500000000000002e-06 416
1765057219798 8.400000000000001e-06 417
1765057220147 8.3e-06 418
1765057220496 8.200000000000001e-06 419
1765057220861 8.1e-06 420
1765057221209 8.000000000000001e-06 421
1765057221561 7.9e-06 422
1765057221928 7.8e-06 423
1765057222274 7.7e-06 424
1765057222624 7.6e-06 425
1765057222981 7.5e-06 426
1765057223327 7.4e-06 427
1765057223686 7.2999999999999996e-06 428
1765057224038 7.2e-06 429
1765057224386 7.1e-06 430
1765057224738 7.000000000000001e-06 431
1765057225085 6.900000000000001e-06 432
1765057225436 6.800000000000001e-06 433
1765057225783 6.700000000000001e-06 434
1765057226132 6.6e-06 435
1765057226483 6.5000000000000004e-06 436
1765057226833 6.4000000000000006e-06 437
1765057227186 6.300000000000001e-06 438
1765057227534 6.2e-06 439
1765057227882 6.1e-06 440
1765057228244 6e-06 441
1765057228597 5.9e-06 442
1765057228947 5.8e-06 443
1765057229299 5.7000000000000005e-06 444
1765057229721 5.600000000000001e-06 445
1765057230178 5.500000000000001e-06 446
1765057230616 5.4e-06 447
1765057231093 5.3e-06 448
1765057231556 5.2e-06 449
1765057231727 5.1e-06 450
1765057235350 5e-06 451
1765057235700 4.9000000000000005e-06 452
1765057236048 4.800000000000001e-06 453
1765057236408 4.7e-06 454
1765057236780 4.6e-06 455
1765057237127 4.5e-06 456
1765057237492 4.4e-06 457
1765057237848 4.2999999999999995e-06 458
1765057238202 4.2000000000000004e-06 459
1765057238561 4.1000000000000006e-06 460
1765057238916 4.000000000000001e-06 461
1765057239273 3.9e-06 462
1765057239621 3.8e-06 463
1765057239972 3.7e-06 464
1765057240329 3.6e-06 465
1765057240680 3.5000000000000004e-06 466
1765057241031 3.4000000000000005e-06 467
1765057241379 3.3e-06 468
1765057241749 3.2000000000000003e-06 469
1765057242192 3.1e-06 470
1765057242650 3e-06 471
1765057243085 2.9e-06 472
1765057243535 2.8000000000000003e-06 473
1765057243946 2.7e-06 474
1765057244294 2.6e-06 475
1765057244656 2.5e-06 476
1765057245009 2.4000000000000003e-06 477
1765057245359 2.3e-06 478
1765057245723 2.2e-06 479
1765057246072 2.1000000000000002e-06 480
1765057246419 2.0000000000000003e-06 481
1765057246785 1.9e-06 482
1765057247134 1.8e-06 483
1765057247486 1.7000000000000002e-06 484
1765057247848 1.6000000000000001e-06 485
1765057248201 1.5e-06 486
1765057248558 1.4000000000000001e-06 487
1765057248923 1.3e-06 488
1765057249285 1.2000000000000002e-06 489
1765057249634 1.1e-06 490
1765057249984 1.0000000000000002e-06 491
1765057250334 9e-07 492
1765057250687 8.000000000000001e-07 493
1765057251038 7.000000000000001e-07 494
1765057251393 6.000000000000001e-07 495
1765057251748 5.000000000000001e-07 496
1765057252098 4.0000000000000003e-07 497
1765057252456 3.0000000000000004e-07 498
1765057252808 2.0000000000000002e-07 499
1765057252982 1.0000000000000001e-07 500
