1765057040314 0.7054 1
1765057040663 0.711 2
1765057041002 0.6838 3
1765057041360 0.6868 4
1765057041706 0.6887 5
1765057042045 0.678 6
1765057042396 0.6753 7
1765057042738 0.6909 8
1765057043076 0.6462 9
1765057043436 0.6789 10
1765057043776 0.6639 11
1765057044114 0.6754 12
1765057044471 0.6829 13
1765057044820 0.6664 14
1765057045153 0.6535 15
1765057045513 0.6742 16
1765057045947 0.6448 17
1765057046382 0.6389 18
1765057046802 0.6473 19
1765057047244 0.6385 20
1765057047730 0.6292 21
1765057048069 0.6617 22
1765057048409 0.6221 23
1765057048766 0.6412 24
1765057049110 0.641 25
1765057049450 0.596 26
1765057049814 0.6598 27
1765057050152 0.6029 28
1765057050496 0.6323 29
1765057050849 0.595 30
1765057051197 0.6041 31
1765057051563 0.6139 32
1765057051927 0.6009 33
1765057052268 0.6396 34
1765057052611 0.6354 35
1765057052970 0.5634 36
1765057053311 0.5833 37
1765057053655 0.604 38
1765057054008 0.6132 39
1765057054350 0.6268 40
1765057054699 0.5632 41
1765057055058 0.5811 42
1765057055395 0.5436 43
1765057055743 0.5908 44
1765057056089 0.5976 45
1765057056436 0.5546 46
1765057056784 0.579 47
1765057057128 0.5667 48
1765057057477 0.5445 49
1765057057641 0.5762 50
1765057062064 0.5604 51
1765057062419 0.5547 52
1765057062756 0.5444 53
1765057063099 0.5142 54
1765057063450 0.5559 55
1765057063795 0.5769 56
1765057064136 0.4969 57
1765057064490 0.5418 58
1765057064829 0.5181 59
1765057065188 0.4906 60
1765057065552 0.5241 61
1765057065890 0.5332 62
1765057066234 0.5576 63
1765057066582 0.4527 64
1765057066922 0.5414 65
1765057067268 0.4808 66
1765057067616 0.4998 67
1765057067954 0.4502 68
1765057068306 0.5531 69
1765057068659 0.4851 70
1765057069005 0.4611 71
1765057069355 0.4903 72
1765057069700 0.5723 73
1765057070039 0.4384 74
1765057070449 0.4206 75
1765057070886 0.4772 76
1765057071319 0.4876 77
1765057071769 0.4193 78
1765057072234 0.4244 79
1765057072658 0.4391 80
1765057072999 0.508 81
1765057073340 0.424 82
1765057073685 0.3985 83
1765057074028 0.4789 84
1765057074369 0.419 85
1765057074718 0.4534 86
1765057075057 0.4101 87
1765057075409 0.4388 88
1765057075753 0.4111 89
1765057076099 0.3603 90
1765057076445 0.3937 91
1765057076789 0.3968 92
1765057077133 0.3488 93
1765057077480 0.3832 94
1765057077821 0.5002 95
1765057078163 0.3641 96
1765057078526 0.3933 97
1765057078873 0.4286 98
1765057079215 0.4059 99
1765057079383 0.3612 100
1765057083266 0.3869 101
1765057083707 0.3863 102
1765057084156 0.3651 103
1765057084617 0.3787 104
1765057085004 0.3549 105
1765057085360 0.3471 106
1765057085720 0.2997 107
1765057086061 0.3657 108
1765057086417 0.3145 109
1765057086765 0.4218 110
1765057087111 0.3024 111
1765057087472 0.3562 112
1765057087816 0.2973 113
1765057088163 0.3603 114
1765057088519 0.3338 115
1765057088865 0.4181 116
1765057089213 0.3393 117
1765057089569 0.4476 118
1765057089914 0.3702 119
1765057090263 0.2991 120
1765057090607 0.4262 121
1765057090951 0.3225 122
1765057091304 0.3177 123
1765057091644 0.3815 124
1765057091987 0.3725 125
1765057092334 0.3119 126
1765057092686 0.3109 127
1765057093035 0.4023 128
1765057093380 0.3445 129
1765057093726 0.2691 130
1765057094071 0.4281 131
1765057094418 0.3356 132
1765057094768 0.3301 133
1765057095224 0.3069 134
1765057095683 0.3034 135
1765057096125 0.2692 136
1765057096576 0.3009 137
1765057097036 0.264 138
1765057097383 0.336 139
1765057097747 0.2786 140
1765057098092 0.4165 141
1765057098441 0.2768 142
1765057098801 0.2521 143
1765057099148 0.3024 144
1765057099501 0.3132 145
1765057099865 0.2336 146
1765057100215 0.3238 147
1765057100561 0.3027 148
1765057100924 0.4157 149
1765057101094 0.2749 150
1765057104715 0.2572 151
1765057105078 0.266 152
1765057105425 0.3392 153
1765057105778 0.3519 154
1765057106142 0.3122 155
1765057106488 0.3391 156
1765057106834 0.2497 157
1765057107224 0.2599 158
1765057107670 0.2693 159
1765057108116 0.3527 160
1765057108555 0.2062 161
1765057109011 0.2078 162
1765057109455 0.2461 163
1765057109824 0.2451 164
1765057110168 0.2115 165
1765057110518 0.2194 166
1765057110867 0.2848 167
1765057111215 0.2408 168
1765057111569 0.1827 169
1765057111942 0.2717 170
1765057112311 0.3786 171
1765057112666 0.1971 172
1765057113010 0.2191 173
1765057113389 0.2173 174
1765057113749 0.1917 175
1765057114097 0.2145 176
1765057114465 0.2095 177
1765057114825 0.1983 178
1765057115174 0.2232 179
1765057115543 0.1969 180
1765057115896 0.2284 181
1765057116248 0.2187 182
1765057116630 0.229 183
1765057116983 0.1624 184
1765057117343 0.1864 185
1765057117701 0.2312 186
1765057118051 0.1844 187
1765057118402 0.3059 188
1765057118757 0.1692 189
1765057119107 0.2535 190
1765057119508 0.318 191
1765057119959 0.2797 192
1765057120402 0.2016 193
1765057120881 0.1543 194
1765057121353 0.2457 195
1765057121744 0.1916 196
1765057122094 0.1529 197
1765057122449 0.2246 198
1765057122814 0.1837 199
1765057122989 0.3182 200
1765057126623 0.1773 201
1765057126991 0.1794 202
1765057127340 0.1913 203
1765057127697 0.1816 204
1765057128070 0.18 205
1765057128421 0.1434 206
1765057128780 0.1801 207
1765057129147 0.2743 208
1765057129505 0.1985 209
1765057129861 0.1513 210
1765057130225 0.2143 211
1765057130581 0.3311 212
1765057130936 0.2292 213
1765057131296 0.1548 214
1765057131668 0.176 215
1765057132123 0.1742 216
1765057132578 0.179 217
1765057133016 0.2072 218
1765057133496 0.238 219
1765057133937 0.1715 220
1765057134311 0.2281 221
1765057134661 0.2888 222
1765057135011 0.1185 223
1765057135379 0.1358 224
1765057135734 0.1345 225
1765057136083 0.2155 226
1765057136455 0.1235 227
1765057136810 0.3176 228
1765057137172 0.185 229
1765057137539 0.1334 230
1765057137892 0.1178 231
1765057138249 0.1335 232
1765057138603 0.2883 233
1765057138954 0.18 234
1765057139310 0.1328 235
1765057139661 0.139 236
1765057140018 0.1634 237
1765057140365 0.1558 238
1765057140719 0.2865 239
1765057141092 0.2088 240
1765057141447 0.1434 241
1765057141807 0.1855 242
1765057142157 0.1738 243
1765057142506 0.106 244
1765057142857 0.1264 245
1765057143212 0.115 246
1765057143577 0.2175 247
1765057143985 0.1245 248
1765057144449 0.2029 249
1765057144628 0.1563 250
1765057148713 0.1366 251
1765057149060 0.1668 252
1765057149405 0.1395 253
1765057149756 0.1879 254
1765057150108 0.1236 255
1765057150458 0.1919 256
1765057150822 0.2182 257
1765057151166 0.1498 258
1765057151519 0.1769 259
1765057151868 0.1276 260
1765057152212 0.0863 261
1765057152566 0.1369 262
1765057152916 0.1306 263
1765057153262 0.0994 264
1765057153612 0.0998 265
1765057153969 0.2854 266
1765057154333 0.14 267
1765057154684 0.1279 268
1765057155048 0.1841 269
1765057155396 0.1878 270
1765057155746 0.1013 271
1765057156109 0.1023 272
1765057156553 0.112 273
1765057156999 0.1746 274
1765057157426 0.1657 275
1765057157878 0.1563 276
1765057158349 0.2603 277
1765057158701 0.1788 278
1765057159052 0.1247 279
1765057159404 0.1181 280
1765057159752 0.1398 281
1765057160100 0.1464 282
1765057160454 0.1991 283
1765057160803 0.0951 284
1765057161148 0.1448 285
1765057161498 0.1123 286
1765057161847 0.1413 287
1765057162193 0.1754 288
1765057162545 0.1111 289
1765057162890 0.1089 290
1765057163239 0.1458 291
1765057163589 0.1264 292
1765057163943 0.2999 293
1765057164291 0.1071 294
1765057164652 0.1112 295
1765057165007 0.2033 296
1765057165355 0.167 297
1765057165707 0.1499 298
1765057166057 0.0986 299
1765057166226 0.2021 300
1765057170492 0.082 301
1765057170855 0.0885 302
1765057171197 0.1432 303
1765057171548 0.1024 304
1765057171923 0.1036 305
1765057172271 0.3239 306
1765057172622 0.1405 307
1765057172971 0.0795 308
1765057173332 0.2516 309
1765057173680 0.1538 310
1765057174027 0.0852 311
1765057174381 0.1273 312
1765057174729 0.0905 313
1765057175085 0.1045 314
1765057175433 0.1925 315
1765057175781 0.094 316
1765057176130 0.2344 317
1765057176478 0.1198 318
1765057176825 0.2825 319
1765057177173 0.0843 320
1765057177521 0.1643 321
1765057177868 0.0779 322
1765057178226 0.1708 323
1765057178580 0.0868 324
1765057178927 0.1614 325
1765057179274 0.0951 326
1765057179621 0.0873 327
1765057179966 0.1807 328
1765057180314 0.1228 329
1765057180676 0.0909 330
1765057181128 0.4003 331
1765057181575 0.0836 332
1765057182018 0.1078 333
1765057182475 0.6295 334
1765057182903 0.093 335
1765057183265 0.1178 336
1765057183616 0.0975 337
1765057183970 0.126 338
1765057184336 0.1326 339
1765057184686 0.0817 340
1765057185037 0.2659 341
1765057185401 0.2201 342
1765057185756 0.2541 343
1765057186103 0.187 344
1765057186469 0.0901 345
1765057186821 0.1217 346
1765057187174 0.0929 347
1765057187527 0.174 348
1765057187886 0.0732 349
1765057188059 0.1241 350
1765057191638 0.25 351
1765057191986 0.172 352
1765057192336 0.1193 353
1765057192707 0.1199 354
1765057193160 0.0901 355
1765057193622 0.0941 356
1765057194056 0.1633 357
1765057194509 0.1277 358
1765057194980 0.1133 359
1765057195329 0.1745 360
1765057195685 0.2593 361
1765057196038 0.141 362
1765057196398 0.0793 363
1765057196758 0.1348 364
1765057197108 0.1064 365
1765057197478 0.1203 366
1765057197850 0.1003 367
1765057198207 0.0776 368
1765057198558 0.0927 369
1765057198927 0.1308 370
1765057199274 0.0936 371
1765057199625 0.0869 372
1765057199993 0.0646 373
1765057200344 0.0721 374
1765057200707 0.0911 375
1765057201080 0.078 376
1765057201436 0.115 377
1765057201795 0.091 378
1765057202181 0.1286 379
1765057202537 0.0953 380
1765057202888 0.072 381
1765057203240 0.143 382
1765057203593 0.0716 383
1765057203942 0.1739 384
1765057204293 0.1285 385
1765057204644 0.0824 386
1765057205000 0.1331 387
1765057205443 0.0742 388
1765057205894 0.0858 389
1765057206371 0.1506 390
1765057206846 0.2016 391
1765057207326 0.3436 392
1765057207697 0.1083 393
1765057208057 0.0719 394
1765057208425 0.0668 395
1765057208773 0.0966 396
1765057209126 0.0848 397
1765057209486 0.1911 398
1765057209838 0.1037 399
1765057210012 0.1612 400
1765057213604 0.1396 401
1765057213957 0.061 402
1765057214308 0.1474 403
1765057214666 0.4228 404
1765057215011 0.0836 405
1765057215362 0.1496 406
1765057215712 0.0738 407
1765057216060 0.1053 408
1765057216432 0.0892 409
1765057216784 0.0656 410
1765057217134 0.3715 411
1765057217588 0.0652 412
1765057218066 0.0622 413
1765057218508 0.1077 414
1765057218968 0.0516 415
1765057219437 0.0666 416
1765057219798 0.0768 417
1765057220147 0.2503 418
1765057220496 0.2714 419
1765057220861 0.1424 420
1765057221209 0.1155 421
1765057221561 0.0607 422
1765057221928 0.0766 423
1765057222274 0.0669 424
1765057222624 0.085 425
1765057222981 0.1075 426
1765057223327 0.2355 427
1765057223686 0.0612 428
1765057224038 0.0884 429
1765057224386 0.0641 430
1765057224738 0.0841 431
1765057225085 0.2114 432
1765057225436 0.1768 433
1765057225783 0.0653 434
1765057226132 0.2336 435
1765057226483 0.0711 436
1765057226833 0.1342 437
1765057227186 0.1807 438
1765057227534 0.1721 439
1765057227882 0.0609 440
1765057228244 0.085 441
1765057228597 0.093 442
1765057228947 0.0853 443
1765057229299 0.065 444
1765057229721 0.2182 445
1765057230178 0.2502 446
1765057230616 0.094 447
1765057231093 0.1252 448
1765057231556 0.28 449
1765057231727 0.0759 450
1765057235350 0.1226 451
1765057235700 0.1154 452
1765057236048 0.0647 453
1765057236408 0.1119 454
1765057236780 0.0779 455
1765057237127 0.0783 456
1765057237492 0.0805 457
1765057237848 0.0605 458
1765057238202 0.1313 459
1765057238561 0.064 460
1765057238916 0.066 461
1765057239273 0.0712 462
1765057239621 0.0739 463
1765057239972 0.0965 464
1765057240329 0.0713 465
1765057240680 0.0698 466
1765057241031 0.0832 467
1765057241379 0.0528 468
1765057241749 0.1313 469
1765057242192 0.1125 470
1765057242650 0.0769 471
1765057243085 0.0644 472
1765057243535 0.057 473
1765057243946 0.0817 474
1765057244294 0.3392 475
1765057244656 0.1246 476
1765057245009 0.0774 477
1765057245359 0.0926 478
1765057245723 0.0985 479
1765057246072 0.1288 480
1765057246419 0.0614 481
1765057246785 0.0904 482
1765057247134 0.0597 483
1765057247486 0.0826 484
1765057247848 0.0615 485
1765057248201 0.0843 486
1765057248558 0.0983 487
1765057248923 0.1465 488
1765057249285 0.0538 489
1765057249634 0.0881 490
1765057249984 0.07 491
1765057250334 0.2251 492
1765057250687 0.0813 493
1765057251038 0.1072 494
1765057251393 0.0921 495
1765057251748 0.0765 496
1765057252098 0.0859 497
1765057252456 0.1947 498
1765057252808 0.0757 499
1765057252982 0.1141 500
