1765064158243 0.02 1
1765064158643 0.04 2
1765064158976 0.06 3
1765064159310 0.08 4
1765064159668 0.1 5
1765064160013 0.12 6
1765064160357 0.14 7
1765064160709 0.16 8
1765064161050 0.18 9
1765064161382 0.2 10
1765064161734 0.22 11
1765064162160 0.24 12
1765064162589 0.26 13
1765064163004 0.28 14
1765064163438 0.3 15
1765064163904 0.32 16
1765064164235 0.34 17
1765064164564 0.36 18
1765064164910 0.38 19
1765064165240 0.4 20
1765064165576 0.42 21
1765064165935 0.44 22
1765064166264 0.46 23
1765064166598 0.48 24
1765064166950 0.5 25
1765064167284 0.52 26
1765064167616 0.54 27
1765064167965 0.56 28
1765064168297 0.58 29
1765064168627 0.6 30
1765064168975 0.62 31
1765064169307 0.64 32
1765064169640 0.66 33
1765064169987 0.68 34
1765064170323 0.7 35
1765064170655 0.72 36
1765064170989 0.74 37
1765064171319 0.76 38
1765064171651 0.78 39
1765064171982 0.8 40
1765064172313 0.82 41
1765064172644 0.84 42
1765064172977 0.86 43
1765064173307 0.88 44
1765064173641 0.9 45
1765064174012 0.92 46
1765064174451 0.94 47
1765064174882 0.96 48
1765064175315 0.98 49
1765064175476 1.0 50
1765064178641 1.0 50
1765064179309 1.02 51
1765064179640 1.04 52
1765064179976 1.06 53
1765064180313 1.08 54
1765064180641 1.1 55
1765064180996 1.12 56
1765064181332 1.1400000000000001 57
1765064181664 1.16 58
1765064181997 1.18 59
1765064182330 1.2 60
1765064182675 1.22 61
1765064183028 1.24 62
1765064183361 1.26 63
1765064183710 1.28 64
1765064184046 1.3 65
1765064184379 1.32 66
1765064184724 1.34 67
1765064185055 1.3599999999999999 68
1765064185387 1.38 69
1765064185735 1.4 70
1765064186079 1.42 71
1765064186483 1.44 72
1765064186933 1.46 73
1765064187367 1.48 74
1765064187819 1.5 75
1765064188256 1.52 76
1765064188639 1.54 77
1765064188989 1.56 78
1765064189322 1.58 79
1765064189652 1.6 80
1765064190003 1.62 81
1765064190347 1.6400000000000001 82
1765064190675 1.6600000000000001 83
1765064191026 1.6800000000000002 84
1765064191369 1.7 85
1765064191703 1.72 86
1765064192055 1.74 87
1765064192387 1.76 88
1765064192720 1.78 89
1765064193068 1.8 90
1765064193401 1.8199999999999998 91
1765064193735 1.8399999999999999 92
1765064194085 1.8599999999999999 93
1765064194419 1.88 94
1765064194755 1.9 95
1765064195105 1.92 96
1765064195437 1.94 97
1765064195773 1.96 98
1765064196120 1.98 99
1765064196279 2.0 100
1765064199425 2.0 100
1765064200402 2.02 101
1765064200788 2.04 102
1765064201123 2.06 103
1765064201495 2.08 104
1765064201826 2.1 105
1765064202157 2.12 106
1765064202510 2.14 107
1765064202844 2.16 108
1765064203178 2.18 109
1765064203532 2.2 110
1765064203864 2.22 111
1765064204200 2.24 112
1765064204552 2.26 113
1765064204887 2.2800000000000002 114
1765064205220 2.3 115
1765064205573 2.32 116
1765064205909 2.34 117
1765064206243 2.36 118
1765064206611 2.38 119
1765064206946 2.4 120
1765064207283 2.42 121
1765064207636 2.44 122
1765064207977 2.46 123
1765064208309 2.48 124
1765064208658 2.5 125
1765064208996 2.52 126
1765064209332 2.54 127
1765064209679 2.56 128
1765064210015 2.58 129
1765064210348 2.6 130
1765064210686 2.62 131
1765064211112 2.64 132
1765064211542 2.66 133
1765064211976 2.68 134
1765064212415 2.7 135
1765064212862 2.7199999999999998 136
1765064213199 2.74 137
1765064213535 2.76 138
1765064213880 2.7800000000000002 139
1765064214212 2.8 140
1765064214548 2.82 141
1765064214882 2.84 142
1765064215214 2.86 143
1765064215550 2.88 144
1765064215884 2.9 145
1765064216218 2.92 146
1765064216557 2.94 147
1765064216895 2.96 148
1765064217228 2.98 149
1765064217386 3.0 150
1765064220263 3.0 150
1765064220945 3.02 151
1765064221294 3.04 152
1765064221628 3.06 153
1765064221985 3.08 154
1765064222334 3.1 155
1765064222681 3.12 156
1765064223122 3.14 157
1765064223551 3.16 158
1765064223969 3.18 159
1765064224421 3.2 160
1765064224880 3.22 161
1765064225217 3.24 162
1765064225552 3.26 163
1765064225883 3.2800000000000002 164
1765064226219 3.3 165
1765064226561 3.32 166
1765064226896 3.34 167
1765064227232 3.36 168
1765064227600 3.38 169
1765064227934 3.4 170
1765064228269 3.42 171
1765064228620 3.44 172
1765064228954 3.46 173
1765064229287 3.48 174
1765064229641 3.5 175
1765064229976 3.52 176
1765064230307 3.54 177
1765064230658 3.56 178
1765064230994 3.58 179
1765064231331 3.6 180
1765064231683 3.62 181
1765064232017 3.64 182
1765064232354 3.66 183
1765064232708 3.68 184
1765064233046 3.7 185
1765064233380 3.7199999999999998 186
1765064233731 3.74 187
1765064234069 3.76 188
1765064234431 3.7800000000000002 189
1765064234783 3.8 190
1765064235220 3.82 191
1765064235656 3.84 192
1765064236079 3.86 193
1765064236517 3.88 194
1765064236987 3.9 195
1765064237322 3.92 196
1765064237663 3.94 197
1765064238018 3.96 198
1765064238352 3.98 199
1765064238511 4.0 200
1765064241375 4.0 200
1765064242059 4.02 201
1765064242418 4.04 202
1765064242768 4.06 203
1765064243123 4.08 204
1765064243460 4.1 205
1765064243798 4.12 206
1765064244149 4.14 207
1765064244487 4.16 208
1765064244826 4.18 209
1765064245176 4.2 210
1765064245512 4.22 211
1765064245847 4.24 212
1765064246196 4.26 213
1765064246533 4.28 214
1765064246871 4.3 215
1765064247276 4.32 216
1765064247711 4.34 217
1765064248162 4.36 218
1765064248585 4.38 219
1765064249027 4.4 220
1765064249439 4.42 221
1765064249777 4.44 222
1765064250115 4.46 223
1765064250467 4.48 224
1765064250806 4.5 225
1765064251143 4.52 226
1765064251498 4.54 227
1765064251836 4.5600000000000005 228
1765064252173 4.58 229
1765064252528 4.6 230
1765064252866 4.62 231
1765064253202 4.64 232
1765064253553 4.66 233
1765064253889 4.68 234
1765064254223 4.7 235
1765064254579 4.72 236
1765064254926 4.74 237
1765064255259 4.76 238
1765064255619 4.78 239
1765064255954 4.8 240
1765064256291 4.82 241
1765064256639 4.84 242
1765064256978 4.86 243
1765064257316 4.88 244
1765064257669 4.9 245
1765064258004 4.92 246
1765064258343 4.9399999999999995 247
1765064258678 4.96 248
1765064259014 4.98 249
1765064259174 5.0 250
1765064262830 5.0 250
1765064263561 5.02 251
1765064263900 5.04 252
1765064264237 5.06 253
1765064264603 5.08 254
1765064264937 5.1 255
1765064265269 5.12 256
1765064265609 5.14 257
1765064265951 5.16 258
1765064266288 5.18 259
1765064266624 5.2 260
1765064266967 5.22 261
1765064267305 5.24 262
1765064267641 5.26 263
1765064267996 5.28 264
1765064268334 5.3 265
1765064268681 5.32 266
1765064269025 5.34 267
1765064269361 5.36 268
1765064269693 5.38 269
1765064270033 5.4 270
1765064270367 5.42 271
1765064270702 5.44 272
1765064271056 5.46 273
1765064271398 5.48 274
1765064271845 5.5 275
1765064272290 5.52 276
1765064272707 5.54 277
1765064273158 5.5600000000000005 278
1765064273606 5.58 279
1765064273941 5.6 280
1765064274277 5.62 281
1765064274617 5.64 282
1765064274943 5.66 283
1765064275279 5.68 284
1765064275616 5.7 285
1765064275952 5.72 286
1765064276291 5.74 287
1765064276624 5.76 288
1765064276964 5.78 289
1765064277304 5.8 290
1765064277636 5.82 291
1765064277975 5.84 292
1765064278325 5.86 293
1765064278662 5.88 294
1765064279011 5.9 295
1765064279355 5.92 296
1765064279694 5.9399999999999995 297
1765064280036 5.96 298
1765064280377 5.98 299
1765064280539 6.0 300
1765064283426 6.0 300
1765064284383 6.02 301
1765064284830 6.04 302
1765064285263 6.06 303
1765064285717 6.08 304
1765064286073 6.1 305
1765064286410 6.12 306
1765064286746 6.14 307
1765064287087 6.16 308
1765064287425 6.18 309
1765064287763 6.2 310
1765064288103 6.22 311
1765064288446 6.24 312
1765064288785 6.26 313
1765064289123 6.28 314
1765064289460 6.3 315
1765064289801 6.32 316
1765064290141 6.34 317
1765064290479 6.36 318
1765064290821 6.38 319
1765064291161 6.4 320
1765064291501 6.42 321
1765064291840 6.44 322
1765064292177 6.46 323
1765064292517 6.48 324
1765064292859 6.5 325
1765064293201 6.52 326
1765064293543 6.54 327
1765064293887 6.5600000000000005 328
1765064294224 6.58 329
1765064294563 6.6 330
1765064294904 6.62 331
1765064295249 6.64 332
1765064295590 6.66 333
1765064295943 6.68 334
1765064296384 6.7 335
1765064296825 6.72 336
1765064297250 6.74 337
1765064297706 6.76 338
1765064298105 6.78 339
1765064298439 6.8 340
1765064298777 6.82 341
1765064299120 6.84 342
1765064299470 6.86 343
1765064299806 6.88 344
1765064300149 6.9 345
1765064300494 6.92 346
1765064300828 6.9399999999999995 347
1765064301170 6.96 348
1765064301511 6.98 349
1765064301672 7.0 350
1765064304564 7.0 350
1765064305243 7.02 351
1765064305593 7.04 352
1765064305931 7.06 353
1765064306270 7.08 354
1765064306623 7.1 355
1765064306966 7.12 356
1765064307308 7.14 357
1765064307657 7.16 358
1765064307997 7.18 359
1765064308439 7.2 360
1765064308892 7.22 361
1765064309315 7.24 362
1765064309787 7.26 363
1765064310206 7.28 364
1765064310544 7.3 365
1765064310900 7.32 366
1765064311238 7.34 367
1765064311576 7.36 368
1765064311928 7.38 369
1765064312267 7.4 370
1765064312610 7.42 371
1765064312959 7.44 372
1765064313302 7.46 373
1765064313640 7.48 374
1765064313990 7.5 375
1765064314338 7.52 376
1765064314679 7.54 377
1765064315039 7.5600000000000005 378
1765064315378 7.58 379
1765064315711 7.6 380
1765064316065 7.62 381
1765064316406 7.64 382
1765064316744 7.66 383
1765064317097 7.68 384
1765064317434 7.7 385
1765064317770 7.72 386
1765064318124 7.74 387
1765064318465 7.76 388
1765064318806 7.78 389
1765064319159 7.8 390
1765064319500 7.82 391
1765064319838 7.84 392
1765064320265 7.86 393
1765064320699 7.88 394
1765064321146 7.9 395
1765064321595 7.92 396
1765064322046 7.9399999999999995 397
1765064322385 7.96 398
1765064322722 7.98 399
1765064322888 8.0 400
1765064325825 8.0 400
1765064326537 8.02 401
1765064326877 8.04 402
1765064327213 8.06 403
1765064327554 8.08 404
1765064327899 8.1 405
1765064328239 8.12 406
1765064328581 8.14 407
1765064328924 8.16 408
1765064329266 8.18 409
1765064329605 8.2 410
1765064329958 8.22 411
1765064330314 8.24 412
1765064330650 8.26 413
1765064330988 8.28 414
1765064331327 8.3 415
1765064331661 8.32 416
1765064332007 8.34 417
1765064332450 8.36 418
1765064332884 8.38 419
1765064333311 8.4 420
1765064333769 8.42 421
1765064334219 8.44 422
1765064334560 8.46 423
1765064334901 8.48 424
1765064335242 8.5 425
1765064335587 8.52 426
1765064335926 8.54 427
1765064336266 8.56 428
1765064336607 8.58 429
1765064336945 8.6 430
1765064337290 8.62 431
1765064337628 8.64 432
1765064337971 8.66 433
1765064338318 8.68 434
1765064338658 8.7 435
1765064339002 8.72 436
1765064339350 8.74 437
1765064339688 8.76 438
1765064340028 8.78 439
1765064340369 8.8 440
1765064340720 8.82 441
1765064341062 8.84 442
1765064341401 8.86 443
1765064341742 8.88 444
1765064342081 8.9 445
1765064342418 8.92 446
1765064342760 8.94 447
1765064343102 8.96 448
1765064343438 8.98 449
1765064343599 9.0 450
1765064347187 9.0 450
1765064347907 9.02 451
1765064348251 9.04 452
1765064348590 9.06 453
1765064348929 9.08 454
1765064349282 9.1 455
1765064349619 9.12 456
1765064349957 9.14 457
1765064350309 9.16 458
1765064350648 9.18 459
1765064351002 9.2 460
1765064351356 9.22 461
1765064351710 9.24 462
1765064352051 9.26 463
1765064352396 9.28 464
1765064352737 9.3 465
1765064353080 9.32 466
1765064353427 9.34 467
1765064353767 9.36 468
1765064354107 9.38 469
1765064354462 9.4 470
1765064354801 9.42 471
1765064355137 9.44 472
1765064355492 9.46 473
1765064355839 9.48 474
1765064356176 9.5 475
1765064356633 9.52 476
1765064357072 9.54 477
1765064357510 9.56 478
1765064357953 9.58 479
1765064358403 9.6 480
1765064358739 9.62 481
1765064359077 9.64 482
1765064359417 9.66 483
1765064359755 9.68 484
1765064360096 9.7 485
1765064360435 9.72 486
1765064360774 9.74 487
1765064361109 9.76 488
1765064361451 9.78 489
1765064361787 9.8 490
1765064362129 9.82 491
1765064362472 9.84 492
1765064362819 9.86 493
1765064363158 9.88 494
1765064363500 9.9 495
1765064363838 9.92 496
1765064364176 9.94 497
1765064364520 9.96 498
1765064364858 9.98 499
1765064365022 10.0 500
1765064367912 10.0 500
1765064368099 10.0 500
