1765064158243 1.1520236730575562 1
1765064158643 1.4507498741149902 2
1765064158976 1.1133438348770142 3
1765064159310 1.4507228136062622 4
1765064159668 1.225586175918579 5
1765064160013 1.4082757234573364 6
1765064160357 1.5217561721801758 7
1765064160709 1.2614368200302124 8
1765064161050 1.2692580223083496 9
1765064161382 1.4199753999710083 10
1765064161734 1.708392858505249 11
1765064162160 1.4481500387191772 12
1765064162589 1.486179232597351 13
1765064163004 1.5748848915100098 14
1765064163438 1.2363566160202026 15
1765064163904 1.1599644422531128 16
1765064164235 1.1423181295394897 17
1765064164564 1.181082010269165 18
1765064164910 1.219733715057373 19
1765064165240 1.6106412410736084 20
1765064165576 1.3522698879241943 21
1765064165935 1.1279734373092651 22
1765064166264 1.0636147260665894 23
1765064166598 1.5255775451660156 24
1765064166950 1.4679445028305054 25
1765064167284 1.3036577701568604 26
1765064167616 1.4303035736083984 27
1765064167965 1.269400715827942 28
1765064168297 1.1917399168014526 29
1765064168627 1.465322494506836 30
1765064168975 1.2235456705093384 31
1765064169307 1.2571982145309448 32
1765064169640 1.6950193643569946 33
1765064169987 1.4617940187454224 34
1765064170323 1.3482470512390137 35
1765064170655 1.200606107711792 36
1765064170989 1.5610239505767822 37
1765064171319 1.6215267181396484 38
1765064171651 1.2424296140670776 39
1765064171982 1.1200591325759888 40
1765064172313 1.5085285902023315 41
1765064172644 1.2887645959854126 42
1765064172977 1.3677505254745483 43
1765064173307 1.316750168800354 44
1765064173641 1.2950328588485718 45
1765064174012 1.4586682319641113 46
1765064174451 1.2488547563552856 47
1765064174882 1.9494231939315796 48
1765064175315 1.260361671447754 49
1765064175476 1.5513416528701782 50
1765064179309 1.5242252349853516 51
1765064179640 1.2281415462493896 52
1765064179976 1.1886563301086426 53
1765064180313 1.159054160118103 54
1765064180641 1.1217567920684814 55
1765064180996 1.1791316270828247 56
1765064181332 1.1937003135681152 57
1765064181664 1.4909400939941406 58
1765064181997 1.1976698637008667 59
1765064182330 1.640104055404663 60
1765064182675 1.3171228170394897 61
1765064183028 1.4023469686508179 62
1765064183361 1.1839194297790527 63
1765064183710 1.4614920616149902 64
1765064184046 1.9093773365020752 65
1765064184379 1.1799975633621216 66
1765064184724 1.42488694190979 67
1765064185055 1.5002424716949463 68
1765064185387 2.1859991550445557 69
1765064185735 2.291794538497925 70
1765064186079 1.5911903381347656 71
1765064186483 1.2955478429794312 72
1765064186933 1.5028976202011108 73
1765064187367 1.201857328414917 74
1765064187819 1.7228107452392578 75
1765064188256 1.5178149938583374 76
1765064188639 1.615088939666748 77
1765064188989 1.593048334121704 78
1765064189322 1.655631422996521 79
1765064189652 1.308178424835205 80
1765064190003 1.1728967428207397 81
1765064190347 1.195756435394287 82
1765064190675 1.5185825824737549 83
1765064191026 1.1892669200897217 84
1765064191369 2.0176427364349365 85
1765064191703 1.3014501333236694 86
1765064192055 1.2261149883270264 87
1765064192387 1.8089507818222046 88
1765064192720 1.5910736322402954 89
1765064193068 1.1767255067825317 90
1765064193401 1.730558156967163 91
1765064193735 1.5318399667739868 92
1765064194085 1.8207803964614868 93
1765064194419 2.5029637813568115 94
1765064194755 1.8350028991699219 95
1765064195105 1.2853764295578003 96
1765064195437 1.960342526435852 97
1765064195773 1.6231998205184937 98
1765064196120 1.2748923301696777 99
1765064196279 1.4255861043930054 100
1765064200402 1.3008581399917603 101
1765064200788 1.5896265506744385 102
1765064201123 1.6125328540802002 103
1765064201495 1.273516058921814 104
1765064201826 1.2614154815673828 105
1765064202157 2.220764398574829 106
1765064202510 1.332232117652893 107
1765064202844 1.3799607753753662 108
1765064203178 1.646121621131897 109
1765064203532 2.6673295497894287 110
1765064203864 2.126711130142212 111
1765064204200 1.7803927659988403 112
1765064204552 2.009129285812378 113
1765064204887 1.2023042440414429 114
1765064205220 1.5729024410247803 115
1765064205573 1.2157145738601685 116
1765064205909 1.71254563331604 117
1765064206243 1.8889840841293335 118
1765064206611 1.7224860191345215 119
1765064206946 2.417137384414673 120
1765064207283 1.4520676136016846 121
1765064207636 1.9150406122207642 122
1765064207977 1.4106518030166626 123
1765064208309 1.2381031513214111 124
1765064208658 1.8483721017837524 125
1765064208996 1.6384048461914062 126
1765064209332 1.793809175491333 127
1765064209679 1.2775068283081055 128
1765064210015 1.3572596311569214 129
1765064210348 1.5845577716827393 130
1765064210686 2.5084052085876465 131
1765064211112 1.3050148487091064 132
1765064211542 1.6144354343414307 133
1765064211976 2.152723789215088 134
1765064212415 2.6022260189056396 135
1765064212862 1.1703561544418335 136
1765064213199 1.2521089315414429 137
1765064213535 1.5077201128005981 138
1765064213880 1.120263695716858 139
1765064214212 2.0551068782806396 140
1765064214548 1.0869560241699219 141
1765064214882 2.049591541290283 142
1765064215214 1.7498403787612915 143
1765064215550 1.800002932548523 144
1765064215884 1.6992545127868652 145
1765064216218 2.671295166015625 146
1765064216557 1.4114049673080444 147
1765064216895 2.325761556625366 148
1765064217228 1.6271828413009644 149
1765064217386 1.7464860677719116 150
1765064220945 1.1641932725906372 151
1765064221294 1.6700527667999268 152
1765064221628 1.5597256422042847 153
1765064221985 1.5657849311828613 154
1765064222334 2.4878618717193604 155
1765064222681 0.966838538646698 156
1765064223122 1.8059563636779785 157
1765064223551 1.5159813165664673 158
1765064223969 1.1033436059951782 159
1765064224421 1.2558115720748901 160
1765064224880 1.6470931768417358 161
1765064225217 1.320883870124817 162
1765064225552 0.8236734867095947 163
1765064225883 1.5008189678192139 164
1765064226219 1.3281497955322266 165
1765064226561 1.3117038011550903 166
1765064226896 1.5302629470825195 167
1765064227232 2.56005859375 168
1765064227600 1.2930880784988403 169
1765064227934 1.9024279117584229 170
1765064228269 2.4983086585998535 171
1765064228620 1.429882287979126 172
1765064228954 0.9710164666175842 173
1765064229287 1.433118224143982 174
1765064229641 2.175546646118164 175
1765064229976 2.0537869930267334 176
1765064230307 2.883157253265381 177
1765064230658 2.9265284538269043 178
1765064230994 1.6101785898208618 179
1765064231331 2.1016125679016113 180
1765064231683 1.6442023515701294 181
1765064232017 1.1010217666625977 182
1765064232354 1.121133804321289 183
1765064232708 4.101576328277588 184
1765064233046 1.9563114643096924 185
1765064233380 2.204098701477051 186
1765064233731 2.199394941329956 187
1765064234069 1.6732075214385986 188
1765064234431 1.1587704420089722 189
1765064234783 1.215583324432373 190
1765064235220 3.15057373046875 191
1765064235656 1.7886383533477783 192
1765064236079 2.215272903442383 193
1765064236517 1.566786527633667 194
1765064236987 1.566165566444397 195
1765064237322 1.0694775581359863 196
1765064237663 1.062174916267395 197
1765064238018 0.9169977903366089 198
1765064238352 1.2053818702697754 199
1765064238511 1.2277264595031738 200
1765064242059 1.7777644395828247 201
1765064242418 1.8154945373535156 202
1765064242768 2.005025863647461 203
1765064243123 1.191856026649475 204
1765064243460 0.8903994560241699 205
1765064243798 0.759966254234314 206
1765064244149 3.255488395690918 207
1765064244487 2.4105424880981445 208
1765064244826 2.716435194015503 209
1765064245176 2.563636541366577 210
1765064245512 0.9573771357536316 211
1765064245847 1.0603623390197754 212
1765064246196 2.2966370582580566 213
1765064246533 1.1942862272262573 214
1765064246871 0.9861505627632141 215
1765064247276 2.3838117122650146 216
1765064247711 2.0783329010009766 217
1765064248162 1.4734556674957275 218
1765064248585 1.8246417045593262 219
1765064249027 1.58823823928833 220
1765064249439 1.736252784729004 221
1765064249777 2.452667713165283 222
1765064250115 1.717417597770691 223
1765064250467 2.432439088821411 224
1765064250806 2.873516798019409 225
1765064251143 1.7227020263671875 226
1765064251498 2.49699068069458 227
1765064251836 2.5001182556152344 228
1765064252173 0.8079763054847717 229
1765064252528 1.1439008712768555 230
1765064252866 3.034686326980591 231
1765064253202 2.6316161155700684 232
1765064253553 1.412840485572815 233
1765064253889 2.2232179641723633 234
1765064254223 0.9102591872215271 235
1765064254579 1.1041580438613892 236
1765064254926 2.4433040618896484 237
1765064255259 1.2115181684494019 238
1765064255619 1.3882472515106201 239
1765064255954 1.2160078287124634 240
1765064256291 1.7756472826004028 241
1765064256639 1.529680609703064 242
1765064256978 2.4052717685699463 243
1765064257316 1.1380207538604736 244
1765064257669 1.0199613571166992 245
1765064258004 1.2114344835281372 246
1765064258343 2.4222781658172607 247
1765064258678 2.329981565475464 248
1765064259014 2.7750918865203857 249
1765064259174 2.049812078475952 250
1765064263561 3.863109588623047 251
1765064263900 0.8819356560707092 252
1765064264237 0.6544836759567261 253
1765064264603 2.506312370300293 254
1765064264937 1.4229742288589478 255
1765064265269 0.7340396642684937 256
1765064265609 2.753007173538208 257
1765064265951 3.4922025203704834 258
1765064266288 5.73918342590332 259
1765064266624 2.8877084255218506 260
1765064266967 2.4295644760131836 261
1765064267305 0.994945228099823 262
1765064267641 1.6250641345977783 263
1765064267996 0.9563273191452026 264
1765064268334 0.8891633749008179 265
1765064268681 3.4216368198394775 266
1765064269025 0.8213745355606079 267
1765064269361 2.474184989929199 268
1765064269693 3.736175060272217 269
1765064270033 1.669432282447815 270
1765064270367 0.8110713362693787 271
1765064270702 0.617948591709137 272
1765064271056 0.8627319931983948 273
1765064271398 0.9284177422523499 274
1765064271845 1.9514867067337036 275
1765064272290 1.1077064275741577 276
1765064272707 1.024537205696106 277
1765064273158 0.5130171775817871 278
1765064273606 2.523259162902832 279
1765064273941 1.080232858657837 280
1765064274277 3.2202308177948 281
1765064274617 1.4491240978240967 282
1765064274943 4.875129222869873 283
1765064275279 4.529721736907959 284
1765064275616 0.7745838165283203 285
1765064275952 1.0533668994903564 286
1765064276291 1.3046237230300903 287
1765064276624 3.915616989135742 288
1765064276964 1.1995412111282349 289
1765064277304 2.3447344303131104 290
1765064277636 2.9397709369659424 291
1765064277975 0.8816203474998474 292
1765064278325 3.363194704055786 293
1765064278662 1.9430619478225708 294
1765064279011 6.165134906768799 295
1765064279355 7.410867691040039 296
1765064279694 5.078323841094971 297
1765064280036 3.1989619731903076 298
1765064280377 1.413647174835205 299
1765064280539 1.9356887340545654 300
1765064284383 4.087436199188232 301
1765064284830 1.3005311489105225 302
1765064285263 2.1022286415100098 303
1765064285717 2.1861891746520996 304
1765064286073 3.1525261402130127 305
1765064286410 3.1687052249908447 306
1765064286746 3.2907416820526123 307
1765064287087 1.289767861366272 308
1765064287425 5.43222188949585 309
1765064287763 0.8741873502731323 310
1765064288103 1.8599056005477905 311
1765064288446 2.061946153640747 312
1765064288785 2.2179596424102783 313
1765064289123 0.508307695388794 314
1765064289460 1.0738338232040405 315
1765064289801 1.2266632318496704 316
1765064290141 1.2838244438171387 317
1765064290479 1.895058512687683 318
1765064290821 6.0754241943359375 319
1765064291161 1.0451579093933105 320
1765064291501 1.9683096408843994 321
1765064291840 1.0310407876968384 322
1765064292177 1.6850554943084717 323
1765064292517 0.6978252530097961 324
1765064292859 3.7281084060668945 325
1765064293201 1.0085997581481934 326
1765064293543 1.0575827360153198 327
1765064293887 3.7922277450561523 328
1765064294224 2.6150920391082764 329
1765064294563 3.759169101715088 330
1765064294904 2.833427667617798 331
1765064295249 0.8267584443092346 332
1765064295590 0.9312471151351929 333
1765064295943 3.124573230743408 334
1765064296384 5.567578315734863 335
1765064296825 0.53754723072052 336
1765064297250 1.2688308954238892 337
1765064297706 1.9309524297714233 338
1765064298105 2.1488897800445557 339
1765064298439 5.2970757484436035 340
1765064298777 0.7254232168197632 341
1765064299120 4.526180267333984 342
1765064299470 4.633937835693359 343
1765064299806 2.095954179763794 344
1765064300149 0.5454892516136169 345
1765064300494 1.9300953149795532 346
1765064300828 0.986920177936554 347
1765064301170 1.6080267429351807 348
1765064301511 1.2273526191711426 349
1765064301672 2.359320878982544 350
1765064305243 8.171554565429688 351
1765064305593 1.5988825559616089 352
1765064305931 1.7782927751541138 353
1765064306270 1.541473627090454 354
1765064306623 0.961279571056366 355
1765064306966 2.9971954822540283 356
1765064307308 3.1500377655029297 357
1765064307657 1.968183159828186 358
1765064307997 0.48607727885246277 359
1765064308439 2.572256088256836 360
1765064308892 4.300313472747803 361
1765064309315 1.1130107641220093 362
1765064309787 1.1924867630004883 363
1765064310206 9.851269721984863 364
1765064310544 0.9084725379943848 365
1765064310900 1.247728943824768 366
1765064311238 0.8212907910346985 367
1765064311576 0.7555270791053772 368
1765064311928 3.0562427043914795 369
1765064312267 2.329871892929077 370
1765064312610 2.0834438800811768 371
1765064312959 0.5377382040023804 372
1765064313302 1.30316960811615 373
1765064313640 0.5397323966026306 374
1765064313990 0.5503488183021545 375
1765064314338 3.650070905685425 376
1765064314679 3.122229814529419 377
1765064315039 0.5800832509994507 378
1765064315378 2.823929786682129 379
1765064315711 1.8756513595581055 380
1765064316065 3.9642183780670166 381
1765064316406 1.3430038690567017 382
1765064316744 3.008193254470825 383
1765064317097 1.0743135213851929 384
1765064317434 4.321771621704102 385
1765064317770 2.1178791522979736 386
1765064318124 2.112877130508423 387
1765064318465 1.2865632772445679 388
1765064318806 1.119185447692871 389
1765064319159 4.482986927032471 390
1765064319500 2.764331579208374 391
1765064319838 8.79022216796875 392
1765064320265 1.7265281677246094 393
1765064320699 1.2219346761703491 394
1765064321146 0.5906105637550354 395
1765064321595 4.318281173706055 396
1765064322046 0.9465255737304688 397
1765064322385 2.768993616104126 398
1765064322722 0.598415732383728 399
1765064322888 1.1353144645690918 400
1765064326537 0.6366530060768127 401
1765064326877 1.4122686386108398 402
1765064327213 1.0243277549743652 403
1765064327554 2.459364175796509 404
1765064327899 3.489835739135742 405
1765064328239 5.582627773284912 406
1765064328581 1.5761388540267944 407
1765064328924 1.665045142173767 408
1765064329266 0.5346991419792175 409
1765064329605 0.7001953125 410
1765064329958 7.357553005218506 411
1765064330314 2.7651538848876953 412
1765064330650 0.4478329122066498 413
1765064330988 1.117910385131836 414
1765064331327 1.8945026397705078 415
1765064331661 0.41275840997695923 416
1765064332007 1.623698115348816 417
1765064332450 5.284330368041992 418
1765064332884 1.6657124757766724 419
1765064333311 1.9209259748458862 420
1765064333769 1.0293394327163696 421
1765064334219 0.4698615074157715 422
1765064334560 1.031991720199585 423
1765064334901 0.9978825449943542 424
1765064335242 2.382024049758911 425
1765064335587 0.38283613324165344 426
1765064335926 2.165092945098877 427
1765064336266 0.8003009557723999 428
1765064336607 0.6032336950302124 429
1765064336945 3.6624302864074707 430
1765064337290 3.735046148300171 431
1765064337628 2.4945106506347656 432
1765064337971 3.931457996368408 433
1765064338318 0.9828751087188721 434
1765064338658 2.419193983078003 435
1765064339002 2.0553371906280518 436
1765064339350 0.6650882959365845 437
1765064339688 4.294699192047119 438
1765064340028 0.8274441361427307 439
1765064340369 0.7868410348892212 440
1765064340720 6.172842502593994 441
1765064341062 4.107921123504639 442
1765064341401 0.6049371957778931 443
1765064341742 0.9051842093467712 444
1765064342081 1.4740885496139526 445
1765064342418 3.420635938644409 446
1765064342760 2.7171709537506104 447
1765064343102 0.7567963600158691 448
1765064343438 2.421220064163208 449
1765064343599 0.9527283310890198 450
1765064347907 18.25000762939453 451
1765064348251 1.557602047920227 452
1765064348590 0.4506338834762573 453
1765064348929 0.543996274471283 454
1765064349282 0.574011504650116 455
1765064349619 0.8868873715400696 456
1765064349957 5.921206951141357 457
1765064350309 0.9874462485313416 458
1765064350648 2.9597179889678955 459
1765064351002 11.660924911499023 460
1765064351356 3.4159209728240967 461
1765064351710 1.5402660369873047 462
1765064352051 1.9922579526901245 463
1765064352396 1.8439738750457764 464
1765064352737 3.686436176300049 465
1765064353080 1.2735230922698975 466
1765064353427 0.8285544514656067 467
1765064353767 0.4244771897792816 468
1765064354107 0.6843134164810181 469
1765064354462 4.435644626617432 470
1765064354801 0.38842496275901794 471
1765064355137 0.6945737600326538 472
1765064355492 1.9860093593597412 473
1765064355839 0.6964794993400574 474
1765064356176 6.808216571807861 475
1765064356633 7.34304666519165 476
1765064357072 0.7301046252250671 477
1765064357510 13.500370979309082 478
1765064357953 2.0145263671875 479
1765064358403 0.7035338282585144 480
1765064358739 2.3552098274230957 481
1765064359077 2.1254749298095703 482
1765064359417 0.5522812008857727 483
1765064359755 1.0665576457977295 484
1765064360096 0.5007933974266052 485
1765064360435 2.769895076751709 486
1765064360774 8.260014533996582 487
1765064361109 8.431375503540039 488
1765064361451 0.6911757588386536 489
1765064361787 0.5612689852714539 490
1765064362129 0.757189154624939 491
1765064362472 0.9286069869995117 492
1765064362819 6.880375862121582 493
1765064363158 3.973754405975342 494
1765064363500 1.07666015625 495
1765064363838 1.7679758071899414 496
1765064364176 0.46692708134651184 497
1765064364520 4.835330963134766 498
1765064364858 0.7642722725868225 499
1765064365022 5.203746795654297 500
