1765064158243 5e-05 1
1765064158643 4.99e-05 2
1765064158976 4.9800000000000004e-05 3
1765064159310 4.97e-05 4
1765064159668 4.96e-05 5
1765064160013 4.9500000000000004e-05 6
1765064160357 4.94e-05 7
1765064160709 4.93e-05 8
1765064161050 4.92e-05 9
1765064161382 4.91e-05 10
1765064161734 4.9e-05 11
1765064162160 4.89e-05 12
1765064162589 4.88e-05 13
1765064163004 4.87e-05 14
1765064163438 4.86e-05 15
1765064163904 4.85e-05 16
1765064164235 4.8400000000000004e-05 17
1765064164564 4.83e-05 18
1765064164910 4.82e-05 19
1765064165240 4.8100000000000004e-05 20
1765064165576 4.8e-05 21
1765064165935 4.79e-05 22
1765064166264 4.78e-05 23
1765064166598 4.77e-05 24
1765064166950 4.76e-05 25
1765064167284 4.75e-05 26
1765064167616 4.74e-05 27
1765064167965 4.73e-05 28
1765064168297 4.72e-05 29
1765064168627 4.71e-05 30
1765064168975 4.7e-05 31
1765064169307 4.69e-05 32
1765064169640 4.6800000000000006e-05 33
1765064169987 4.6700000000000003e-05 34
1765064170323 4.660000000000001e-05 35
1765064170655 4.6500000000000005e-05 36
1765064170989 4.64e-05 37
1765064171319 4.630000000000001e-05 38
1765064171651 4.6200000000000005e-05 39
1765064171982 4.61e-05 40
1765064172313 4.600000000000001e-05 41
1765064172644 4.5900000000000004e-05 42
1765064172977 4.58e-05 43
1765064173307 4.5700000000000006e-05 44
1765064173641 4.5600000000000004e-05 45
1765064174012 4.55e-05 46
1765064174451 4.5400000000000006e-05 47
1765064174882 4.53e-05 48
1765064175315 4.52e-05 49
1765064175476 4.5100000000000005e-05 50
1765064179309 4.5e-05 51
1765064179640 4.49e-05 52
1765064179976 4.4800000000000005e-05 53
1765064180313 4.47e-05 54
1765064180641 4.46e-05 55
1765064180996 4.4500000000000004e-05 56
1765064181332 4.44e-05 57
1765064181664 4.43e-05 58
1765064181997 4.4200000000000004e-05 59
1765064182330 4.41e-05 60
1765064182675 4.4000000000000006e-05 61
1765064183028 4.39e-05 62
1765064183361 4.38e-05 63
1765064183710 4.3700000000000005e-05 64
1765064184046 4.36e-05 65
1765064184379 4.35e-05 66
1765064184724 4.3400000000000005e-05 67
1765064185055 4.33e-05 68
1765064185387 4.32e-05 69
1765064185735 4.3100000000000004e-05 70
1765064186079 4.3e-05 71
1765064186483 4.29e-05 72
1765064186933 4.2800000000000004e-05 73
1765064187367 4.27e-05 74
1765064187819 4.26e-05 75
1765064188256 4.25e-05 76
1765064188639 4.24e-05 77
1765064188989 4.23e-05 78
1765064189322 4.22e-05 79
1765064189652 4.21e-05 80
1765064190003 4.2e-05 81
1765064190347 4.19e-05 82
1765064190675 4.18e-05 83
1765064191026 4.17e-05 84
1765064191369 4.16e-05 85
1765064191703 4.15e-05 86
1765064192055 4.14e-05 87
1765064192387 4.13e-05 88
1765064192720 4.12e-05 89
1765064193068 4.11e-05 90
1765064193401 4.1e-05 91
1765064193735 4.09e-05 92
1765064194085 4.08e-05 93
1765064194419 4.07e-05 94
1765064194755 4.0600000000000004e-05 95
1765064195105 4.05e-05 96
1765064195437 4.0400000000000006e-05 97
1765064195773 4.0300000000000004e-05 98
1765064196120 4.02e-05 99
1765064196279 4.0100000000000006e-05 100
1765064200402 4e-05 101
1765064200788 3.99e-05 102
1765064201123 3.9800000000000005e-05 103
1765064201495 3.97e-05 104
1765064201826 3.960000000000001e-05 105
1765064202157 3.9500000000000005e-05 106
1765064202510 3.94e-05 107
1765064202844 3.9300000000000007e-05 108
1765064203178 3.9200000000000004e-05 109
1765064203532 3.91e-05 110
1765064203864 3.9000000000000006e-05 111
1765064204200 3.8900000000000004e-05 112
1765064204552 3.88e-05 113
1765064204887 3.8700000000000006e-05 114
1765064205220 3.86e-05 115
1765064205573 3.85e-05 116
1765064205909 3.8400000000000005e-05 117
1765064206243 3.83e-05 118
1765064206611 3.82e-05 119
1765064206946 3.8100000000000005e-05 120
1765064207283 3.8e-05 121
1765064207636 3.79e-05 122
1765064207977 3.7800000000000004e-05 123
1765064208309 3.77e-05 124
1765064208658 3.76e-05 125
1765064208996 3.7500000000000003e-05 126
1765064209332 3.74e-05 127
1765064209679 3.73e-05 128
1765064210015 3.72e-05 129
1765064210348 3.71e-05 130
1765064210686 3.7e-05 131
1765064211112 3.69e-05 132
1765064211542 3.68e-05 133
1765064211976 3.6700000000000004e-05 134
1765064212415 3.66e-05 135
1765064212862 3.65e-05 136
1765064213199 3.6400000000000004e-05 137
1765064213535 3.63e-05 138
1765064213880 3.62e-05 139
1765064214212 3.61e-05 140
1765064214548 3.6e-05 141
1765064214882 3.59e-05 142
1765064215214 3.58e-05 143
1765064215550 3.57e-05 144
1765064215884 3.56e-05 145
1765064216218 3.55e-05 146
1765064216557 3.54e-05 147
1765064216895 3.53e-05 148
1765064217228 3.52e-05 149
1765064217386 3.51e-05 150
1765064220945 3.5e-05 151
1765064221294 3.49e-05 152
1765064221628 3.48e-05 153
1765064221985 3.4699999999999996e-05 154
1765064222334 3.46e-05 155
1765064222681 3.45e-05 156
1765064223122 3.4399999999999996e-05 157
1765064223551 3.430000000000001e-05 158
1765064223969 3.4200000000000005e-05 159
1765064224421 3.41e-05 160
1765064224880 3.4000000000000007e-05 161
1765064225217 3.3900000000000004e-05 162
1765064225552 3.38e-05 163
1765064225883 3.3700000000000006e-05 164
1765064226219 3.3600000000000004e-05 165
1765064226561 3.35e-05 166
1765064226896 3.3400000000000005e-05 167
1765064227232 3.33e-05 168
1765064227600 3.32e-05 169
1765064227934 3.3100000000000005e-05 170
1765064228269 3.3e-05 171
1765064228620 3.29e-05 172
1765064228954 3.2800000000000004e-05 173
1765064229287 3.27e-05 174
1765064229641 3.26e-05 175
1765064229976 3.2500000000000004e-05 176
1765064230307 3.24e-05 177
1765064230658 3.2300000000000006e-05 178
1765064230994 3.2200000000000003e-05 179
1765064231331 3.21e-05 180
1765064231683 3.2000000000000005e-05 181
1765064232017 3.19e-05 182
1765064232354 3.18e-05 183
1765064232708 3.1700000000000005e-05 184
1765064233046 3.16e-05 185
1765064233380 3.15e-05 186
1765064233731 3.1400000000000004e-05 187
1765064234069 3.13e-05 188
1765064234431 3.12e-05 189
1765064234783 3.1100000000000004e-05 190
1765064235220 3.1e-05 191
1765064235656 3.09e-05 192
1765064236079 3.08e-05 193
1765064236517 3.07e-05 194
1765064236987 3.06e-05 195
1765064237322 3.05e-05 196
1765064237663 3.04e-05 197
1765064238018 3.03e-05 198
1765064238352 3.02e-05 199
1765064238511 3.01e-05 200
1765064242059 3e-05 201
1765064242418 2.9900000000000002e-05 202
1765064242768 2.98e-05 203
1765064243123 2.97e-05 204
1765064243460 2.96e-05 205
1765064243798 2.95e-05 206
1765064244149 2.94e-05 207
1765064244487 2.93e-05 208
1765064244826 2.9199999999999998e-05 209
1765064245176 2.91e-05 210
1765064245512 2.9e-05 211
1765064245847 2.8899999999999998e-05 212
1765064246196 2.88e-05 213
1765064246533 2.87e-05 214
1765064246871 2.86e-05 215
1765064247276 2.8499999999999998e-05 216
1765064247711 2.84e-05 217
1765064248162 2.83e-05 218
1765064248585 2.8199999999999998e-05 219
1765064249027 2.8100000000000005e-05 220
1765064249439 2.8000000000000003e-05 221
1765064249777 2.7900000000000004e-05 222
1765064250115 2.7800000000000005e-05 223
1765064250467 2.7700000000000002e-05 224
1765064250806 2.7600000000000003e-05 225
1765064251143 2.7500000000000004e-05 226
1765064251498 2.7400000000000002e-05 227
1765064251836 2.7300000000000003e-05 228
1765064252173 2.7200000000000004e-05 229
1765064252528 2.7100000000000005e-05 230
1765064252866 2.7000000000000002e-05 231
1765064253202 2.6900000000000003e-05 232
1765064253553 2.6800000000000004e-05 233
1765064253889 2.6700000000000002e-05 234
1765064254223 2.6600000000000003e-05 235
1765064254579 2.6500000000000004e-05 236
1765064254926 2.64e-05 237
1765064255259 2.6300000000000002e-05 238
1765064255619 2.6200000000000003e-05 239
1765064255954 2.61e-05 240
1765064256291 2.6000000000000002e-05 241
1765064256639 2.5900000000000003e-05 242
1765064256978 2.58e-05 243
1765064257316 2.57e-05 244
1765064257669 2.5600000000000002e-05 245
1765064258004 2.5500000000000003e-05 246
1765064258343 2.54e-05 247
1765064258678 2.5300000000000002e-05 248
1765064259014 2.5200000000000003e-05 249
1765064259174 2.51e-05 250
1765064263561 2.5e-05 251
1765064263900 2.4900000000000002e-05 252
1765064264237 2.48e-05 253
1765064264603 2.47e-05 254
1765064264937 2.46e-05 255
1765064265269 2.45e-05 256
1765064265609 2.44e-05 257
1765064265951 2.43e-05 258
1765064266288 2.4200000000000002e-05 259
1765064266624 2.41e-05 260
1765064266967 2.4e-05 261
1765064267305 2.39e-05 262
1765064267641 2.38e-05 263
1765064267996 2.37e-05 264
1765064268334 2.36e-05 265
1765064268681 2.35e-05 266
1765064269025 2.3400000000000003e-05 267
1765064269361 2.3300000000000004e-05 268
1765064269693 2.32e-05 269
1765064270033 2.3100000000000002e-05 270
1765064270367 2.3000000000000003e-05 271
1765064270702 2.29e-05 272
1765064271056 2.2800000000000002e-05 273
1765064271398 2.2700000000000003e-05 274
1765064271845 2.26e-05 275
1765064272290 2.25e-05 276
1765064272707 2.2400000000000002e-05 277
1765064273158 2.23e-05 278
1765064273606 2.22e-05 279
1765064273941 2.2100000000000002e-05 280
1765064274277 2.2000000000000003e-05 281
1765064274617 2.19e-05 282
1765064274943 2.18e-05 283
1765064275279 2.1700000000000002e-05 284
1765064275616 2.16e-05 285
1765064275952 2.15e-05 286
1765064276291 2.1400000000000002e-05 287
1765064276624 2.13e-05 288
1765064276964 2.12e-05 289
1765064277304 2.11e-05 290
1765064277636 2.1e-05 291
1765064277975 2.09e-05 292
1765064278325 2.08e-05 293
1765064278662 2.07e-05 294
1765064279011 2.06e-05 295
1765064279355 2.05e-05 296
1765064279694 2.04e-05 297
1765064280036 2.0300000000000002e-05 298
1765064280377 2.0200000000000003e-05 299
1765064280539 2.01e-05 300
1765064284383 2e-05 301
1765064284830 1.9900000000000003e-05 302
1765064285263 1.9800000000000004e-05 303
1765064285717 1.97e-05 304
1765064286073 1.9600000000000002e-05 305
1765064286410 1.9500000000000003e-05 306
1765064286746 1.94e-05 307
1765064287087 1.93e-05 308
1765064287425 1.9200000000000003e-05 309
1765064287763 1.91e-05 310
1765064288103 1.9e-05 311
1765064288446 1.8900000000000002e-05 312
1765064288785 1.88e-05 313
1765064289123 1.87e-05 314
1765064289460 1.86e-05 315
1765064289801 1.85e-05 316
1765064290141 1.84e-05 317
1765064290479 1.83e-05 318
1765064290821 1.8200000000000002e-05 319
1765064291161 1.81e-05 320
1765064291501 1.8e-05 321
1765064291840 1.79e-05 322
1765064292177 1.78e-05 323
1765064292517 1.77e-05 324
1765064292859 1.76e-05 325
1765064293201 1.75e-05 326
1765064293543 1.74e-05 327
1765064293887 1.73e-05 328
1765064294224 1.7199999999999998e-05 329
1765064294563 1.7100000000000002e-05 330
1765064294904 1.7000000000000003e-05 331
1765064295249 1.69e-05 332
1765064295590 1.6800000000000002e-05 333
1765064295943 1.6700000000000003e-05 334
1765064296384 1.66e-05 335
1765064296825 1.65e-05 336
1765064297250 1.6400000000000002e-05 337
1765064297706 1.63e-05 338
1765064298105 1.62e-05 339
1765064298439 1.6100000000000002e-05 340
1765064298777 1.6000000000000003e-05 341
1765064299120 1.59e-05 342
1765064299470 1.58e-05 343
1765064299806 1.5700000000000002e-05 344
1765064300149 1.56e-05 345
1765064300494 1.55e-05 346
1765064300828 1.54e-05 347
1765064301170 1.53e-05 348
1765064301511 1.52e-05 349
1765064301672 1.51e-05 350
1765064305243 1.5e-05 351
1765064305593 1.49e-05 352
1765064305931 1.48e-05 353
1765064306270 1.47e-05 354
1765064306623 1.4599999999999999e-05 355
1765064306966 1.45e-05 356
1765064307308 1.44e-05 357
1765064307657 1.43e-05 358
1765064307997 1.42e-05 359
1765064308439 1.4099999999999999e-05 360
1765064308892 1.4000000000000001e-05 361
1765064309315 1.3900000000000002e-05 362
1765064309787 1.3800000000000002e-05 363
1765064310206 1.3700000000000001e-05 364
1765064310544 1.3600000000000002e-05 365
1765064310900 1.3500000000000001e-05 366
1765064311238 1.3400000000000002e-05 367
1765064311576 1.3300000000000001e-05 368
1765064311928 1.32e-05 369
1765064312267 1.3100000000000002e-05 370
1765064312610 1.3000000000000001e-05 371
1765064312959 1.29e-05 372
1765064313302 1.2800000000000001e-05 373
1765064313640 1.27e-05 374
1765064313990 1.2600000000000001e-05 375
1765064314338 1.25e-05 376
1765064314679 1.24e-05 377
1765064315039 1.23e-05 378
1765064315378 1.22e-05 379
1765064315711 1.2100000000000001e-05 380
1765064316065 1.2e-05 381
1765064316406 1.19e-05 382
1765064316744 1.18e-05 383
1765064317097 1.1700000000000001e-05 384
1765064317434 1.16e-05 385
1765064317770 1.1500000000000002e-05 386
1765064318124 1.1400000000000001e-05 387
1765064318465 1.13e-05 388
1765064318806 1.1200000000000001e-05 389
1765064319159 1.11e-05 390
1765064319500 1.1000000000000001e-05 391
1765064319838 1.09e-05 392
1765064320265 1.08e-05 393
1765064320699 1.0700000000000001e-05 394
1765064321146 1.06e-05 395
1765064321595 1.05e-05 396
1765064322046 1.04e-05 397
1765064322385 1.03e-05 398
1765064322722 1.02e-05 399
1765064322888 1.0100000000000002e-05 400
1765064326537 1e-05 401
1765064326877 9.900000000000002e-06 402
1765064327213 9.800000000000001e-06 403
1765064327554 9.7e-06 404
1765064327899 9.600000000000001e-06 405
1765064328239 9.5e-06 406
1765064328581 9.4e-06 407
1765064328924 9.3e-06 408
1765064329266 9.2e-06 409
1765064329605 9.100000000000001e-06 410
1765064329958 9e-06 411
1765064330314 8.9e-06 412
1765064330650 8.8e-06 413
1765064330988 8.7e-06 414
1765064331327 8.599999999999999e-06 415
1765064331661 8.500000000000002e-06 416
1765064332007 8.400000000000001e-06 417
1765064332450 8.3e-06 418
1765064332884 8.200000000000001e-06 419
1765064333311 8.1e-06 420
1765064333769 8.000000000000001e-06 421
1765064334219 7.9e-06 422
1765064334560 7.8e-06 423
1765064334901 7.7e-06 424
1765064335242 7.6e-06 425
1765064335587 7.5e-06 426
1765064335926 7.4e-06 427
1765064336266 7.2999999999999996e-06 428
1765064336607 7.2e-06 429
1765064336945 7.1e-06 430
1765064337290 7.000000000000001e-06 431
1765064337628 6.900000000000001e-06 432
1765064337971 6.800000000000001e-06 433
1765064338318 6.700000000000001e-06 434
1765064338658 6.6e-06 435
1765064339002 6.5000000000000004e-06 436
1765064339350 6.4000000000000006e-06 437
1765064339688 6.300000000000001e-06 438
1765064340028 6.2e-06 439
1765064340369 6.1e-06 440
1765064340720 6e-06 441
1765064341062 5.9e-06 442
1765064341401 5.8e-06 443
1765064341742 5.7000000000000005e-06 444
1765064342081 5.600000000000001e-06 445
1765064342418 5.500000000000001e-06 446
1765064342760 5.4e-06 447
1765064343102 5.3e-06 448
1765064343438 5.2e-06 449
1765064343599 5.1e-06 450
1765064347907 5e-06 451
1765064348251 4.9000000000000005e-06 452
1765064348590 4.800000000000001e-06 453
1765064348929 4.7e-06 454
1765064349282 4.6e-06 455
1765064349619 4.5e-06 456
1765064349957 4.4e-06 457
1765064350309 4.2999999999999995e-06 458
1765064350648 4.2000000000000004e-06 459
1765064351002 4.1000000000000006e-06 460
1765064351356 4.000000000000001e-06 461
1765064351710 3.9e-06 462
1765064352051 3.8e-06 463
1765064352396 3.7e-06 464
1765064352737 3.6e-06 465
1765064353080 3.5000000000000004e-06 466
1765064353427 3.4000000000000005e-06 467
1765064353767 3.3e-06 468
1765064354107 3.2000000000000003e-06 469
1765064354462 3.1e-06 470
1765064354801 3e-06 471
1765064355137 2.9e-06 472
1765064355492 2.8000000000000003e-06 473
1765064355839 2.7e-06 474
1765064356176 2.6e-06 475
1765064356633 2.5e-06 476
1765064357072 2.4000000000000003e-06 477
1765064357510 2.3e-06 478
1765064357953 2.2e-06 479
1765064358403 2.1000000000000002e-06 480
1765064358739 2.0000000000000003e-06 481
1765064359077 1.9e-06 482
1765064359417 1.8e-06 483
1765064359755 1.7000000000000002e-06 484
1765064360096 1.6000000000000001e-06 485
1765064360435 1.5e-06 486
1765064360774 1.4000000000000001e-06 487
1765064361109 1.3e-06 488
1765064361451 1.2000000000000002e-06 489
1765064361787 1.1e-06 490
1765064362129 1.0000000000000002e-06 491
1765064362472 9e-07 492
1765064362819 8.000000000000001e-07 493
1765064363158 7.000000000000001e-07 494
1765064363500 6.000000000000001e-07 495
1765064363838 5.000000000000001e-07 496
1765064364176 4.0000000000000003e-07 497
1765064364520 3.0000000000000004e-07 498
1765064364858 2.0000000000000002e-07 499
1765064365022 1.0000000000000001e-07 500
