1765064158243 0.6968 1
1765064158643 0.7252 2
1765064158976 0.6797 3
1765064159310 0.685 4
1765064159668 0.6766 5
1765064160013 0.6762 6
1765064160357 0.6608 7
1765064160709 0.6746 8
1765064161050 0.6955 9
1765064161382 0.6885 10
1765064161734 0.682 11
1765064162160 0.6751 12
1765064162589 0.6607 13
1765064163004 0.6733 14
1765064163438 0.6677 15
1765064163904 0.6705 16
1765064164235 0.6266 17
1765064164564 0.669 18
1765064164910 0.6463 19
1765064165240 0.6385 20
1765064165576 0.6432 21
1765064165935 0.6442 22
1765064166264 0.6184 23
1765064166598 0.6681 24
1765064166950 0.6633 25
1765064167284 0.6393 26
1765064167616 0.67 27
1765064167965 0.6524 28
1765064168297 0.6123 29
1765064168627 0.6109 30
1765064168975 0.6232 31
1765064169307 0.639 32
1765064169640 0.6121 33
1765064169987 0.642 34
1765064170323 0.6242 35
1765064170655 0.6121 36
1765064170989 0.6285 37
1765064171319 0.6314 38
1765064171651 0.614 39
1765064171982 0.6308 40
1765064172313 0.5964 41
1765064172644 0.5789 42
1765064172977 0.6081 43
1765064173307 0.5888 44
1765064173641 0.5948 45
1765064174012 0.5723 46
1765064174451 0.5856 47
1765064174882 0.5666 48
1765064175315 0.5867 49
1765064175476 0.5809 50
1765064179309 0.591 51
1765064179640 0.5525 52
1765064179976 0.5759 53
1765064180313 0.55 54
1765064180641 0.5708 55
1765064180996 0.5575 56
1765064181332 0.5423 57
1765064181664 0.5365 58
1765064181997 0.5624 59
1765064182330 0.5793 60
1765064182675 0.5539 61
1765064183028 0.5402 62
1765064183361 0.4873 63
1765064183710 0.5378 64
1765064184046 0.5637 65
1765064184379 0.4705 66
1765064184724 0.5032 67
1765064185055 0.5459 68
1765064185387 0.6914 69
1765064185735 0.5699 70
1765064186079 0.4975 71
1765064186483 0.4761 72
1765064186933 0.5372 73
1765064187367 0.4906 74
1765064187819 0.4802 75
1765064188256 0.4714 76
1765064188639 0.4334 77
1765064188989 0.5141 78
1765064189322 0.5031 79
1765064189652 0.4733 80
1765064190003 0.4639 81
1765064190347 0.4545 82
1765064190675 0.457 83
1765064191026 0.5308 84
1765064191369 0.4411 85
1765064191703 0.4691 86
1765064192055 0.4581 87
1765064192387 0.4616 88
1765064192720 0.5166 89
1765064193068 0.3862 90
1765064193401 0.4295 91
1765064193735 0.4812 92
1765064194085 0.4183 93
1765064194419 0.4286 94
1765064194755 0.4709 95
1765064195105 0.4194 96
1765064195437 0.49 97
1765064195773 0.4821 98
1765064196120 0.4109 99
1765064196279 0.3657 100
1765064200402 0.4108 101
1765064200788 0.3842 102
1765064201123 0.5112 103
1765064201495 0.4088 104
1765064201826 0.3885 105
1765064202157 0.4157 106
1765064202510 0.4024 107
1765064202844 0.3507 108
1765064203178 0.4221 109
1765064203532 0.4522 110
1765064203864 0.4725 111
1765064204200 0.4462 112
1765064204552 0.3876 113
1765064204887 0.4308 114
1765064205220 0.3798 115
1765064205573 0.3689 116
1765064205909 0.3299 117
1765064206243 0.4305 118
1765064206611 0.4436 119
1765064206946 0.3772 120
1765064207283 0.4327 121
1765064207636 0.348 122
1765064207977 0.3282 123
1765064208309 0.3391 124
1765064208658 0.3492 125
1765064208996 0.388 126
1765064209332 0.3337 127
1765064209679 0.3198 128
1765064210015 0.331 129
1765064210348 0.4395 130
1765064210686 0.4317 131
1765064211112 0.3445 132
1765064211542 0.2982 133
1765064211976 0.34 134
1765064212415 0.3575 135
1765064212862 0.2923 136
1765064213199 0.3643 137
1765064213535 0.2872 138
1765064213880 0.3399 139
1765064214212 0.3244 140
1765064214548 0.3257 141
1765064214882 0.2969 142
1765064215214 0.3967 143
1765064215550 0.3195 144
1765064215884 0.3268 145
1765064216218 0.3036 146
1765064216557 0.4321 147
1765064216895 0.3828 148
1765064217228 0.463 149
1765064217386 0.2477 150
1765064220945 0.2843 151
1765064221294 0.2934 152
1765064221628 0.3618 153
1765064221985 0.3357 154
1765064222334 0.342 155
1765064222681 0.2984 156
1765064223122 0.2902 157
1765064223551 0.2567 158
1765064223969 0.2808 159
1765064224421 0.2915 160
1765064224880 0.3471 161
1765064225217 0.2551 162
1765064225552 0.2053 163
1765064225883 0.2735 164
1765064226219 0.2671 165
1765064226561 0.248 166
1765064226896 0.3268 167
1765064227232 0.2881 168
1765064227600 0.2335 169
1765064227934 0.2204 170
1765064228269 0.3836 171
1765064228620 0.2828 172
1765064228954 0.2131 173
1765064229287 0.2367 174
1765064229641 0.2288 175
1765064229976 0.3349 176
1765064230307 0.3189 177
1765064230658 0.2774 178
1765064230994 0.2546 179
1765064231331 0.3141 180
1765064231683 0.2573 181
1765064232017 0.198 182
1765064232354 0.2361 183
1765064232708 0.2727 184
1765064233046 0.2548 185
1765064233380 0.2531 186
1765064233731 0.2239 187
1765064234069 0.2228 188
1765064234431 0.2026 189
1765064234783 0.1984 190
1765064235220 0.2877 191
1765064235656 0.2631 192
1765064236079 0.2735 193
1765064236517 0.2728 194
1765064236987 0.2326 195
1765064237322 0.246 196
1765064237663 0.2165 197
1765064238018 0.1727 198
1765064238352 0.2051 199
1765064238511 0.323 200
1765064242059 0.2048 201
1765064242418 0.2469 202
1765064242768 0.1793 203
1765064243123 0.2128 204
1765064243460 0.1743 205
1765064243798 0.1471 206
1765064244149 0.2392 207
1765064244487 0.2769 208
1765064244826 0.1817 209
1765064245176 0.1977 210
1765064245512 0.1548 211
1765064245847 0.1753 212
1765064246196 0.2781 213
1765064246533 0.2161 214
1765064246871 0.1694 215
1765064247276 0.2063 216
1765064247711 0.2349 217
1765064248162 0.1977 218
1765064248585 0.227 219
1765064249027 0.186 220
1765064249439 0.25 221
1765064249777 0.2498 222
1765064250115 0.1718 223
1765064250467 0.2405 224
1765064250806 0.2772 225
1765064251143 0.1897 226
1765064251498 0.1722 227
1765064251836 0.3177 228
1765064252173 0.1311 229
1765064252528 0.1477 230
1765064252866 0.2401 231
1765064253202 0.1657 232
1765064253553 0.2237 233
1765064253889 0.1427 234
1765064254223 0.1448 235
1765064254579 0.1558 236
1765064254926 0.2242 237
1765064255259 0.1689 238
1765064255619 0.1559 239
1765064255954 0.1787 240
1765064256291 0.1764 241
1765064256639 0.1899 242
1765064256978 0.1845 243
1765064257316 0.141 244
1765064257669 0.1382 245
1765064258004 0.1735 246
1765064258343 0.274 247
1765064258678 0.1323 248
1765064259014 0.2265 249
1765064259174 0.1901 250
1765064263561 0.1895 251
1765064263900 0.1242 252
1765064264237 0.1047 253
1765064264603 0.1646 254
1765064264937 0.1507 255
1765064265269 0.1114 256
1765064265609 0.2524 257
1765064265951 0.2805 258
1765064266288 0.3787 259
1765064266624 0.1551 260
1765064266967 0.2121 261
1765064267305 0.1313 262
1765064267641 0.1588 263
1765064267996 0.1436 264
1765064268334 0.1278 265
1765064268681 0.3569 266
1765064269025 0.1179 267
1765064269361 0.1873 268
1765064269693 0.1725 269
1765064270033 0.106 270
1765064270367 0.1067 271
1765064270702 0.1193 272
1765064271056 0.11 273
1765064271398 0.1251 274
1765064271845 0.1363 275
1765064272290 0.1077 276
1765064272707 0.2044 277
1765064273158 0.0905 278
1765064273606 0.1642 279
1765064273941 0.1443 280
1765064274277 0.1786 281
1765064274617 0.1329 282
1765064274943 0.2367 283
1765064275279 0.1744 284
1765064275616 0.1041 285
1765064275952 0.1096 286
1765064276291 0.1152 287
1765064276624 0.2449 288
1765064276964 0.1379 289
1765064277304 0.2973 290
1765064277636 0.1656 291
1765064277975 0.1338 292
1765064278325 0.3597 293
1765064278662 0.1259 294
1765064279011 0.1407 295
1765064279355 0.1954 296
1765064279694 0.1259 297
1765064280036 0.2224 298
1765064280377 0.0983 299
1765064280539 0.2006 300
1765064284383 0.1438 301
1765064284830 0.1062 302
1765064285263 0.1469 303
1765064285717 0.1771 304
1765064286073 0.1379 305
1765064286410 0.256 306
1765064286746 0.1302 307
1765064287087 0.0901 308
1765064287425 0.1612 309
1765064287763 0.1412 310
1765064288103 0.1094 311
1765064288446 0.1191 312
1765064288785 0.1286 313
1765064289123 0.0803 314
1765064289460 0.1317 315
1765064289801 0.134 316
1765064290141 0.1079 317
1765064290479 0.1673 318
1765064290821 0.3146 319
1765064291161 0.0778 320
1765064291501 0.116 321
1765064291840 0.097 322
1765064292177 0.191 323
1765064292517 0.0975 324
1765064292859 0.2492 325
1765064293201 0.1132 326
1765064293543 0.085 327
1765064293887 0.2481 328
1765064294224 0.2336 329
1765064294563 0.1365 330
1765064294904 0.3115 331
1765064295249 0.0755 332
1765064295590 0.1172 333
1765064295943 0.4337 334
1765064296384 0.1912 335
1765064296825 0.0882 336
1765064297250 0.102 337
1765064297706 0.2954 338
1765064298105 0.1153 339
1765064298439 0.1612 340
1765064298777 0.1095 341
1765064299120 0.207 342
1765064299470 0.3376 343
1765064299806 0.3065 344
1765064300149 0.0777 345
1765064300494 0.1288 346
1765064300828 0.0886 347
1765064301170 0.1055 348
1765064301511 0.1186 349
1765064301672 0.1094 350
1765064305243 0.3765 351
1765064305593 0.1423 352
1765064305931 0.1374 353
1765064306270 0.1738 354
1765064306623 0.1055 355
1765064306966 0.1327 356
1765064307308 0.1911 357
1765064307657 0.1298 358
1765064307997 0.0697 359
1765064308439 0.2095 360
1765064308892 0.3511 361
1765064309315 0.0942 362
1765064309787 0.0763 363
1765064310206 0.2282 364
1765064310544 0.1077 365
1765064310900 0.1584 366
1765064311238 0.1126 367
1765064311576 0.0776 368
1765064311928 0.1179 369
1765064312267 0.1153 370
1765064312610 0.104 371
1765064312959 0.0746 372
1765064313302 0.0887 373
1765064313640 0.0791 374
1765064313990 0.0804 375
1765064314338 0.1001 376
1765064314679 0.133 377
1765064315039 0.0646 378
1765064315378 0.1699 379
1765064315711 0.1626 380
1765064316065 0.1382 381
1765064316406 0.1197 382
1765064316744 0.104 383
1765064317097 0.1125 384
1765064317434 0.2393 385
1765064317770 0.0777 386
1765064318124 0.1282 387
1765064318465 0.0971 388
1765064318806 0.1018 389
1765064319159 0.1122 390
1765064319500 0.1538 391
1765064319838 0.2368 392
1765064320265 0.1229 393
1765064320699 0.0933 394
1765064321146 0.0667 395
1765064321595 0.2514 396
1765064322046 0.0887 397
1765064322385 0.1199 398
1765064322722 0.0779 399
1765064322888 0.1071 400
1765064326537 0.0612 401
1765064326877 0.087 402
1765064327213 0.1329 403
1765064327554 0.182 404
1765064327899 0.0996 405
1765064328239 0.2149 406
1765064328581 0.0838 407
1765064328924 0.1174 408
1765064329266 0.0883 409
1765064329605 0.07 410
1765064329958 0.5591 411
1765064330314 0.0933 412
1765064330650 0.0607 413
1765064330988 0.1064 414
1765064331327 0.1012 415
1765064331661 0.063 416
1765064332007 0.0762 417
1765064332450 0.2992 418
1765064332884 0.1851 419
1765064333311 0.1136 420
1765064333769 0.0946 421
1765064334219 0.0776 422
1765064334560 0.0784 423
1765064334901 0.0727 424
1765064335242 0.1701 425
1765064335587 0.0607 426
1765064335926 0.2299 427
1765064336266 0.0692 428
1765064336607 0.0614 429
1765064336945 0.1726 430
1765064337290 0.1731 431
1765064337628 0.2053 432
1765064337971 0.2545 433
1765064338318 0.0737 434
1765064338658 0.1747 435
1765064339002 0.1174 436
1765064339350 0.0689 437
1765064339688 0.1779 438
1765064340028 0.1184 439
1765064340369 0.0609 440
1765064340720 0.1933 441
1765064341062 0.138 442
1765064341401 0.0822 443
1765064341742 0.0731 444
1765064342081 0.1467 445
1765064342418 0.2299 446
1765064342760 0.1177 447
1765064343102 0.0918 448
1765064343438 0.0845 449
1765064343599 0.0596 450
1765064347907 0.2298 451
1765064348251 0.2183 452
1765064348590 0.0548 453
1765064348929 0.0618 454
1765064349282 0.075 455
1765064349619 0.0892 456
1765064349957 0.1543 457
1765064350309 0.0828 458
1765064350648 0.1045 459
1765064351002 0.1192 460
1765064351356 0.1827 461
1765064351710 0.0921 462
1765064352051 0.0953 463
1765064352396 0.1053 464
1765064352737 0.0962 465
1765064353080 0.0784 466
1765064353427 0.0713 467
1765064353767 0.0549 468
1765064354107 0.1117 469
1765064354462 0.1221 470
1765064354801 0.0571 471
1765064355137 0.0656 472
1765064355492 0.0762 473
1765064355839 0.0807 474
1765064356176 0.2974 475
1765064356633 0.2112 476
1765064357072 0.1035 477
1765064357510 0.1483 478
1765064357953 0.086 479
1765064358403 0.0621 480
1765064358739 0.0893 481
1765064359077 0.1266 482
1765064359417 0.0642 483
1765064359755 0.0665 484
1765064360096 0.0754 485
1765064360435 0.1562 486
1765064360774 0.1912 487
1765064361109 0.1772 488
1765064361451 0.0793 489
1765064361787 0.0657 490
1765064362129 0.0675 491
1765064362472 0.1349 492
1765064362819 0.2199 493
1765064363158 0.1108 494
1765064363500 0.0821 495
1765064363838 0.0819 496
1765064364176 0.0561 497
1765064364520 0.2642 498
1765064364858 0.0685 499
1765064365022 0.191 500
