1765138132926 0.004 1
1765138133356 0.008 2
1765138133741 0.012 3
1765138134155 0.016 4
1765138134562 0.02 5
1765138134936 0.024 6
1765138135280 0.028 7
1765138135726 0.032 8
1765138136174 0.036 9
1765138136639 0.04 10
1765138137114 0.044 11
1765138137615 0.048 12
1765138137972 0.052 13
1765138138337 0.056 14
1765138138718 0.06 15
1765138139101 0.064 16
1765138139463 0.068 17
1765138139849 0.072 18
1765138140218 0.076 19
1765138140584 0.08 20
1765138140951 0.084 21
1765138141314 0.088 22
1765138141704 0.092 23
1765138142062 0.096 24
1765138142428 0.1 25
1765138142819 0.104 26
1765138143174 0.108 27
1765138143565 0.112 28
1765138143964 0.116 29
1765138144320 0.12 30
1765138144671 0.124 31
1765138145036 0.128 32
1765138145397 0.132 33
1765138145751 0.136 34
1765138146112 0.14 35
1765138146486 0.144 36
1765138146853 0.148 37
1765138147220 0.152 38
1765138147595 0.156 39
1765138148074 0.16 40
1765138148535 0.164 41
1765138148974 0.168 42
1765138149442 0.172 43
1765138149906 0.176 44
1765138150263 0.18 45
1765138150628 0.184 46
1765138151004 0.188 47
1765138151363 0.192 48
1765138151726 0.196 49
1765138152075 0.2 50
1765138152429 0.204 51
1765138152782 0.208 52
1765138153153 0.212 53
1765138153516 0.216 54
1765138153869 0.22 55
1765138154233 0.224 56
1765138154594 0.228 57
1765138154948 0.232 58
1765138155322 0.236 59
1765138155671 0.24 60
1765138156021 0.244 61
1765138156394 0.248 62
1765138156758 0.252 63
1765138157120 0.256 64
1765138157485 0.26 65
1765138157836 0.264 66
1765138158182 0.268 67
1765138158540 0.272 68
1765138158886 0.276 69
1765138159243 0.28 70
1765138159613 0.284 71
1765138160000 0.288 72
1765138160468 0.292 73
1765138160933 0.296 74
1765138161415 0.3 75
1765138161880 0.304 76
1765138162282 0.308 77
1765138162653 0.312 78
1765138163005 0.316 79
1765138163369 0.32 80
1765138163735 0.324 81
1765138164107 0.328 82
1765138164470 0.332 83
1765138164832 0.336 84
1765138165184 0.34 85
1765138165557 0.344 86
1765138165929 0.348 87
1765138166300 0.352 88
1765138166682 0.356 89
1765138167066 0.36 90
1765138167428 0.364 91
1765138167797 0.368 92
1765138168165 0.372 93
1765138168522 0.376 94
1765138168884 0.38 95
1765138169245 0.384 96
1765138169602 0.388 97
1765138169965 0.392 98
1765138170330 0.396 99
1765138170705 0.4 100
1765138171070 0.404 101
1765138171435 0.408 102
1765138171804 0.412 103
1765138172210 0.416 104
1765138172682 0.42 105
1765138173155 0.424 106
1765138173631 0.428 107
1765138174177 0.432 108
1765138174572 0.436 109
1765138174930 0.44 110
1765138175287 0.444 111
1765138175652 0.448 112
1765138176022 0.452 113
1765138176385 0.456 114
1765138176767 0.46 115
1765138177141 0.464 116
1765138177516 0.468 117
1765138177876 0.472 118
1765138178250 0.476 119
1765138178608 0.48 120
1765138178973 0.484 121
1765138179326 0.488 122
1765138179674 0.492 123
1765138180032 0.496 124
1765138180386 0.5 125
1765138180749 0.504 126
1765138181097 0.508 127
1765138181462 0.512 128
1765138181810 0.516 129
1765138182174 0.52 130
1765138182529 0.524 131
1765138182880 0.528 132
1765138183240 0.532 133
1765138183600 0.536 134
1765138183966 0.54 135
1765138184342 0.544 136
1765138184813 0.548 137
1765138185258 0.552 138
1765138185713 0.556 139
1765138186183 0.56 140
1765138186653 0.564 141
1765138187007 0.568 142
1765138187366 0.572 143
1765138187737 0.576 144
1765138188102 0.58 145
1765138188474 0.584 146
1765138188845 0.588 147
1765138189219 0.592 148
1765138189606 0.596 149
1765138189954 0.6 150
1765138190310 0.604 151
1765138190673 0.608 152
1765138191047 0.612 153
1765138191411 0.616 154
1765138191769 0.62 155
1765138192145 0.624 156
1765138192504 0.628 157
1765138192868 0.632 158
1765138193233 0.636 159
1765138193587 0.64 160
1765138193947 0.644 161
1765138194320 0.648 162
1765138194694 0.652 163
1765138195061 0.656 164
1765138195428 0.66 165
1765138195811 0.664 166
1765138196175 0.668 167
1765138196558 0.672 168
1765138197034 0.676 169
1765138197500 0.68 170
1765138197965 0.684 171
1765138198466 0.688 172
1765138198947 0.692 173
1765138199313 0.696 174
1765138199683 0.7 175
1765138200050 0.704 176
1765138200413 0.708 177
1765138200787 0.712 178
1765138201149 0.716 179
1765138201517 0.72 180
1765138201872 0.724 181
1765138202238 0.728 182
1765138202598 0.732 183
1765138202970 0.736 184
1765138203342 0.74 185
1765138203712 0.744 186
1765138204095 0.748 187
1765138204454 0.752 188
1765138204840 0.756 189
1765138205224 0.76 190
1765138205599 0.764 191
1765138205976 0.768 192
1765138206339 0.772 193
1765138206706 0.776 194
1765138207069 0.78 195
1765138207428 0.784 196
1765138207803 0.788 197
1765138208191 0.792 198
1765138208556 0.796 199
1765138208939 0.8 200
1765138209430 0.804 201
1765138209897 0.808 202
1765138210375 0.812 203
1765138210852 0.816 204
1765138211268 0.82 205
1765138211637 0.824 206
1765138211996 0.828 207
1765138212361 0.832 208
1765138212722 0.836 209
1765138213099 0.84 210
1765138213472 0.844 211
1765138213826 0.848 212
1765138214191 0.852 213
1765138214577 0.856 214
1765138214943 0.86 215
1765138215310 0.864 216
1765138215674 0.868 217
1765138216036 0.872 218
1765138216404 0.876 219
1765138216763 0.88 220
1765138217128 0.884 221
1765138217486 0.888 222
1765138217849 0.892 223
1765138218214 0.896 224
1765138218600 0.9 225
1765138218965 0.904 226
1765138219333 0.908 227
1765138219708 0.912 228
1765138220069 0.916 229
1765138220431 0.92 230
1765138220809 0.924 231
1765138221187 0.928 232
1765138221668 0.932 233
1765138222134 0.936 234
1765138222588 0.94 235
1765138223054 0.944 236
1765138223484 0.948 237
1765138223856 0.952 238
1765138224220 0.956 239
1765138224576 0.96 240
1765138224947 0.964 241
1765138225314 0.968 242
1765138225684 0.972 243
1765138226050 0.976 244
1765138226414 0.98 245
1765138226785 0.984 246
1765138227145 0.988 247
1765138227514 0.992 248
1765138227887 0.996 249
1765138228051 1.0 250
1765138243975 1.0 250
1765138244743 1.004 251
1765138245082 1.008 252
1765138245423 1.012 253
1765138245788 1.016 254
1765138246234 1.02 255
1765138246678 1.024 256
1765138247105 1.028 257
1765138247560 1.032 258
1765138247990 1.036 259
1765138248330 1.04 260
1765138248672 1.044 261
1765138249021 1.048 262
1765138249363 1.052 263
1765138249742 1.056 264
1765138250083 1.06 265
1765138250419 1.064 266
1765138250761 1.068 267
1765138251104 1.072 268
1765138251447 1.076 269
1765138251797 1.08 270
1765138252137 1.084 271
1765138252480 1.088 272
1765138252822 1.092 273
1765138253165 1.096 274
1765138253509 1.1 275
1765138253845 1.104 276
1765138254185 1.108 277
1765138254533 1.112 278
1765138254874 1.116 279
1765138255215 1.12 280
1765138255555 1.124 281
1765138255896 1.1280000000000001 282
1765138256236 1.1320000000000001 283
1765138256577 1.1360000000000001 284
1765138256920 1.1400000000000001 285
1765138257264 1.144 286
1765138257606 1.148 287
1765138257950 1.152 288
1765138258419 1.156 289
1765138258866 1.16 290
1765138259310 1.164 291
1765138259762 1.168 292
1765138260232 1.172 293
1765138260576 1.176 294
1765138260926 1.18 295
1765138261283 1.184 296
1765138261626 1.188 297
1765138261968 1.192 298
1765138262336 1.196 299
1765138262685 1.2 300
1765138263024 1.204 301
1765138263384 1.208 302
1765138263730 1.212 303
1765138264073 1.216 304
1765138264437 1.22 305
1765138264780 1.224 306
1765138265135 1.228 307
1765138265494 1.232 308
1765138265840 1.236 309
1765138266224 1.24 310
1765138266569 1.244 311
1765138266921 1.248 312
1765138267279 1.252 313
1765138267620 1.256 314
1765138267961 1.26 315
1765138268304 1.264 316
1765138268652 1.268 317
1765138268993 1.272 318
1765138269343 1.276 319
1765138269691 1.28 320
1765138270034 1.284 321
1765138270488 1.288 322
1765138270929 1.292 323
1765138271374 1.296 324
1765138271839 1.3 325
1765138272301 1.304 326
1765138272686 1.308 327
1765138273026 1.312 328
1765138273370 1.316 329
1765138273732 1.32 330
1765138274073 1.324 331
1765138274422 1.328 332
1765138274782 1.332 333
1765138275125 1.336 334
1765138275473 1.34 335
1765138275829 1.3439999999999999 336
1765138276171 1.3479999999999999 337
1765138276518 1.3519999999999999 338
1765138276875 1.3559999999999999 339
1765138277217 1.3599999999999999 340
1765138277562 1.3639999999999999 341
1765138277919 1.3679999999999999 342
1765138278263 1.3719999999999999 343
1765138278603 1.376 344
1765138278966 1.38 345
1765138279309 1.384 346
1765138279657 1.388 347
1765138280016 1.392 348
1765138280360 1.396 349
1765138280723 1.4 350
1765138281086 1.404 351
1765138281450 1.408 352
1765138281797 1.412 353
1765138282152 1.416 354
1765138282505 1.42 355
1765138282945 1.424 356
1765138283392 1.428 357
1765138283820 1.432 358
1765138284283 1.436 359
1765138284743 1.44 360
1765138285086 1.444 361
1765138285435 1.448 362
1765138285776 1.452 363
1765138286121 1.456 364
1765138286470 1.46 365
1765138286814 1.464 366
1765138287158 1.468 367
1765138287508 1.472 368
1765138287853 1.476 369
1765138288203 1.48 370
1765138288549 1.484 371
1765138288891 1.488 372
1765138289235 1.492 373
1765138289574 1.496 374
1765138289920 1.5 375
1765138290265 1.504 376
1765138290603 1.508 377
1765138290959 1.512 378
1765138291303 1.516 379
1765138291654 1.52 380
1765138292002 1.524 381
1765138292362 1.528 382
1765138292711 1.532 383
1765138293050 1.536 384
1765138293410 1.54 385
1765138293753 1.544 386
1765138294097 1.548 387
1765138294467 1.552 388
1765138294853 1.556 389
1765138295314 1.56 390
1765138295760 1.564 391
1765138296195 1.568 392
1765138296680 1.572 393
1765138297138 1.576 394
1765138297486 1.58 395
1765138297831 1.584 396
1765138298172 1.588 397
1765138298520 1.592 398
1765138298864 1.596 399
1765138299208 1.6 400
1765138299556 1.604 401
1765138299896 1.608 402
1765138300239 1.612 403
1765138300587 1.616 404
1765138300932 1.62 405
1765138301277 1.624 406
1765138301624 1.6280000000000001 407
1765138301975 1.6320000000000001 408
1765138302328 1.6360000000000001 409
1765138302678 1.6400000000000001 410
1765138303023 1.6440000000000001 411
1765138303363 1.6480000000000001 412
1765138303710 1.6520000000000001 413
1765138304055 1.6560000000000001 414
1765138304403 1.6600000000000001 415
1765138304746 1.6640000000000001 416
1765138305096 1.6680000000000001 417
1765138305445 1.6720000000000002 418
1765138305789 1.6760000000000002 419
1765138306137 1.6800000000000002 420
1765138306485 1.6840000000000002 421
1765138306827 1.688 422
1765138307236 1.692 423
1765138307679 1.696 424
1765138308135 1.7 425
1765138308570 1.704 426
1765138309031 1.708 427
1765138309424 1.712 428
1765138309775 1.716 429
1765138310137 1.72 430
1765138310486 1.724 431
1765138310833 1.728 432
1765138311197 1.732 433
1765138311546 1.736 434
1765138311892 1.74 435
1765138312254 1.744 436
1765138312605 1.748 437
1765138312953 1.752 438
1765138313313 1.756 439
1765138313663 1.76 440
1765138314011 1.764 441
1765138314361 1.768 442
1765138314710 1.772 443
1765138315058 1.776 444
1765138315413 1.78 445
1765138315761 1.784 446
1765138316109 1.788 447
1765138316460 1.792 448
1765138316808 1.796 449
1765138317158 1.8 450
1765138317509 1.804 451
1765138317860 1.808 452
1765138318209 1.812 453
1765138318570 1.8159999999999998 454
1765138318918 1.8199999999999998 455
1765138319268 1.8239999999999998 456
1765138319719 1.8279999999999998 457
1765138320166 1.8319999999999999 458
1765138320625 1.8359999999999999 459
1765138321090 1.8399999999999999 460
1765138321562 1.8439999999999999 461
1765138321913 1.8479999999999999 462
1765138322261 1.8519999999999999 463
1765138322627 1.8559999999999999 464
1765138322974 1.8599999999999999 465
1765138323318 1.8639999999999999 466
1765138323684 1.8679999999999999 467
1765138324037 1.8719999999999999 468
1765138324386 1.876 469
1765138324746 1.88 470
1765138325093 1.884 471
1765138325446 1.888 472
1765138325793 1.892 473
1765138326141 1.896 474
1765138326496 1.9 475
1765138326849 1.904 476
1765138327196 1.908 477
1765138327592 1.912 478
1765138327944 1.916 479
1765138328295 1.92 480
1765138328679 1.924 481
1765138329038 1.928 482
1765138329386 1.932 483
1765138329757 1.936 484
1765138330107 1.94 485
1765138330458 1.944 486
1765138330822 1.948 487
1765138331171 1.952 488
1765138331527 1.956 489
1765138331990 1.96 490
1765138332450 1.964 491
1765138332899 1.968 492
1765138333349 1.972 493
1765138333815 1.976 494
1765138334162 1.98 495
1765138334511 1.984 496
1765138334857 1.988 497
1765138335203 1.992 498
1765138335554 1.996 499
1765138335730 2.0 500
1765138351429 2.0 500
1765138352135 2.004 501
1765138352480 2.008 502
1765138352823 2.012 503
1765138353190 2.016 504
1765138353535 2.02 505
1765138353886 2.024 506
1765138354231 2.028 507
1765138354574 2.032 508
1765138354920 2.036 509
1765138355268 2.04 510
1765138355611 2.044 511
1765138355955 2.048 512
1765138356414 2.052 513
1765138356881 2.056 514
1765138357320 2.06 515
1765138357778 2.064 516
1765138358280 2.068 517
1765138358634 2.072 518
1765138358991 2.076 519
1765138359333 2.08 520
1765138359681 2.084 521
1765138360044 2.088 522
1765138360391 2.092 523
1765138360738 2.096 524
1765138361094 2.1 525
1765138361445 2.104 526
1765138361794 2.108 527
1765138362153 2.112 528
1765138362505 2.116 529
1765138362856 2.12 530
1765138363212 2.124 531
1765138363562 2.128 532
1765138363921 2.132 533
1765138364264 2.136 534
1765138364609 2.14 535
1765138364957 2.144 536
1765138365303 2.148 537
1765138365656 2.152 538
1765138366002 2.156 539
1765138366349 2.16 540
1765138366701 2.164 541
1765138367057 2.168 542
1765138367404 2.172 543
1765138367754 2.176 544
1765138368106 2.18 545
1765138368498 2.184 546
1765138368947 2.188 547
1765138369410 2.192 548
1765138369846 2.196 549
1765138370315 2.2 550
1765138370728 2.204 551
1765138371077 2.208 552
1765138371447 2.212 553
1765138371803 2.216 554
1765138372150 2.22 555
1765138372516 2.224 556
1765138372869 2.228 557
1765138373222 2.232 558
1765138373586 2.2359999999999998 559
1765138373934 2.24 560
1765138374287 2.2439999999999998 561
1765138374653 2.248 562
1765138375003 2.252 563
1765138375347 2.2560000000000002 564
1765138375701 2.26 565
1765138376052 2.2640000000000002 566
1765138376397 2.268 567
1765138376751 2.2720000000000002 568
1765138377097 2.276 569
1765138377444 2.2800000000000002 570
1765138377795 2.284 571
1765138378147 2.288 572
1765138378498 2.292 573
1765138378846 2.296 574
1765138379193 2.3 575
1765138379548 2.304 576
1765138379899 2.308 577
1765138380248 2.312 578
1765138380598 2.316 579
1765138381050 2.32 580
1765138381497 2.324 581
1765138381940 2.328 582
1765138382391 2.332 583
1765138382882 2.336 584
1765138383227 2.34 585
1765138383572 2.344 586
1765138383941 2.348 587
1765138384288 2.352 588
1765138384639 2.356 589
1765138385012 2.36 590
1765138385360 2.364 591
1765138385712 2.368 592
1765138386065 2.372 593
1765138386415 2.376 594
1765138386768 2.38 595
1765138387116 2.384 596
1765138387467 2.388 597
1765138387816 2.392 598
1765138388166 2.396 599
1765138388546 2.4 600
1765138388896 2.404 601
1765138389243 2.408 602
1765138389589 2.412 603
1765138389936 2.416 604
1765138390284 2.42 605
1765138390647 2.424 606
1765138390996 2.428 607
1765138391340 2.432 608
1765138391694 2.436 609
1765138392043 2.44 610
1765138392388 2.444 611
1765138392745 2.448 612
1765138393216 2.452 613
1765138393661 2.456 614
1765138394094 2.46 615
1765138394568 2.464 616
1765138395044 2.468 617
1765138395409 2.472 618
1765138395758 2.476 619
1765138396109 2.48 620
1765138396454 2.484 621
1765138396799 2.488 622
1765138397147 2.492 623
1765138397496 2.496 624
1765138397841 2.5 625
1765138398187 2.504 626
1765138398535 2.508 627
1765138398880 2.512 628
1765138399232 2.516 629
1765138399574 2.52 630
1765138399922 2.524 631
1765138400266 2.528 632
1765138400612 2.532 633
1765138400957 2.536 634
1765138401309 2.54 635
1765138401659 2.544 636
1765138402003 2.548 637
1765138402346 2.552 638
1765138402695 2.556 639
1765138403040 2.56 640
1765138403386 2.564 641
1765138403738 2.568 642
1765138404087 2.572 643
1765138404436 2.576 644
1765138404801 2.58 645
1765138405153 2.584 646
1765138405627 2.588 647
1765138406077 2.592 648
1765138406511 2.596 649
1765138406965 2.6 650
1765138407399 2.604 651
1765138407760 2.608 652
1765138408110 2.612 653
1765138408461 2.616 654
1765138408823 2.62 655
1765138409169 2.624 656
1765138409516 2.628 657
1765138409870 2.632 658
1765138410216 2.636 659
1765138410568 2.64 660
1765138410914 2.644 661
1765138411269 2.648 662
1765138411616 2.652 663
1765138411960 2.656 664
1765138412306 2.66 665
1765138412658 2.664 666
1765138413005 2.668 667
1765138413352 2.672 668
1765138413700 2.676 669
1765138414052 2.68 670
1765138414399 2.684 671
1765138414753 2.6879999999999997 672
1765138415122 2.692 673
1765138415471 2.6959999999999997 674
1765138415818 2.7 675
1765138416169 2.7039999999999997 676
1765138416517 2.708 677
1765138416865 2.7119999999999997 678
1765138417226 2.716 679
1765138417689 2.7199999999999998 680
1765138418150 2.724 681
1765138418579 2.7279999999999998 682
1765138419041 2.732 683
1765138419535 2.7359999999999998 684
1765138419881 2.74 685
1765138420245 2.7439999999999998 686
1765138420590 2.748 687
1765138420940 2.752 688
1765138421301 2.7560000000000002 689
1765138421644 2.76 690
1765138421988 2.7640000000000002 691
1765138422348 2.768 692
1765138422699 2.7720000000000002 693
1765138423052 2.776 694
1765138423396 2.7800000000000002 695
1765138423746 2.784 696
1765138424094 2.7880000000000003 697
1765138424442 2.792 698
1765138424789 2.7960000000000003 699
1765138425142 2.8 700
1765138425494 2.8040000000000003 701
1765138425847 2.808 702
1765138426199 2.8120000000000003 703
1765138426543 2.816 704
1765138426889 2.82 705
1765138427236 2.824 706
1765138427583 2.828 707
1765138427933 2.832 708
1765138428282 2.836 709
1765138428631 2.84 710
1765138428980 2.844 711
1765138429328 2.848 712
1765138429681 2.852 713
1765138430123 2.856 714
1765138430572 2.86 715
1765138431002 2.864 716
1765138431451 2.868 717
1765138431913 2.872 718
1765138432260 2.876 719
1765138432620 2.88 720
1765138432969 2.884 721
1765138433317 2.888 722
1765138433680 2.892 723
1765138434025 2.896 724
1765138434370 2.9 725
1765138434735 2.904 726
1765138435087 2.908 727
1765138435441 2.912 728
1765138435808 2.916 729
1765138436157 2.92 730
1765138436509 2.924 731
1765138436885 2.928 732
1765138437238 2.932 733
1765138437590 2.936 734
1765138437943 2.94 735
1765138438297 2.944 736
1765138438643 2.948 737
1765138438992 2.952 738
1765138439342 2.956 739
1765138439693 2.96 740
1765138440045 2.964 741
1765138440395 2.968 742
1765138440750 2.972 743
1765138441101 2.976 744
1765138441456 2.98 745
1765138441813 2.984 746
1765138442274 2.988 747
1765138442726 2.992 748
1765138443173 2.996 749
1765138443351 3.0 750
1765138459519 3.0 750
1765138460226 3.004 751
1765138460573 3.008 752
1765138460925 3.012 753
1765138461276 3.016 754
1765138461632 3.02 755
1765138461980 3.024 756
1765138462349 3.028 757
1765138462713 3.032 758
1765138463062 3.036 759
1765138463419 3.04 760
1765138463790 3.044 761
1765138464135 3.048 762
1765138464486 3.052 763
1765138464846 3.056 764
1765138465204 3.06 765
1765138465549 3.064 766
1765138465909 3.068 767
1765138466264 3.072 768
1765138466720 3.076 769
1765138467170 3.08 770
1765138467602 3.084 771
1765138468071 3.088 772
1765138468532 3.092 773
1765138468888 3.096 774
1765138469234 3.1 775
1765138469580 3.104 776
1765138469931 3.108 777
1765138470287 3.112 778
1765138470632 3.116 779
1765138470980 3.12 780
1765138471333 3.124 781
1765138471681 3.128 782
1765138472029 3.132 783
1765138472382 3.136 784
1765138472734 3.14 785
1765138473097 3.144 786
1765138473450 3.148 787
1765138473796 3.152 788
1765138474160 3.156 789
1765138474512 3.16 790
1765138474866 3.164 791
1765138475233 3.168 792
1765138475581 3.172 793
1765138475927 3.176 794
1765138476286 3.18 795
1765138476636 3.184 796
1765138476987 3.188 797
1765138477361 3.192 798
1765138477711 3.196 799
1765138478058 3.2 800
1765138478421 3.204 801
1765138478869 3.208 802
1765138479319 3.212 803
1765138479756 3.216 804
1765138480218 3.22 805
1765138480717 3.224 806
1765138481078 3.228 807
1765138481423 3.232 808
1765138481774 3.2359999999999998 809
1765138482127 3.24 810
1765138482487 3.2439999999999998 811
1765138482835 3.248 812
1765138483187 3.252 813
1765138483553 3.2560000000000002 814
1765138483899 3.26 815
1765138484249 3.2640000000000002 816
1765138484611 3.268 817
1765138484961 3.2720000000000002 818
1765138485308 3.276 819
1765138485675 3.2800000000000002 820
1765138486027 3.284 821
1765138486372 3.288 822
1765138486736 3.292 823
1765138487090 3.296 824
1765138487439 3.3 825
1765138487807 3.304 826
1765138488156 3.308 827
1765138488496 3.312 828
1765138488857 3.316 829
1765138489207 3.32 830
1765138489563 3.324 831
1765138489919 3.328 832
1765138490275 3.332 833
1765138490632 3.336 834
1765138491036 3.34 835
1765138491481 3.344 836
1765138491933 3.348 837
1765138492367 3.352 838
1765138492825 3.356 839
1765138493234 3.36 840
1765138493583 3.364 841
1765138493950 3.368 842
1765138494296 3.372 843
1765138494656 3.376 844
1765138495021 3.38 845
1765138495368 3.384 846
1765138495718 3.388 847
1765138496087 3.392 848
1765138496438 3.396 849
1765138496788 3.4 850
1765138497154 3.404 851
1765138497506 3.408 852
1765138497853 3.412 853
1765138498217 3.416 854
1765138498571 3.42 855
1765138498919 3.424 856
1765138499268 3.428 857
1765138499616 3.432 858
1765138499965 3.436 859
1765138500312 3.44 860
1765138500666 3.444 861
1765138501017 3.448 862
1765138501369 3.452 863
1765138501716 3.456 864
1765138502061 3.46 865
1765138502415 3.464 866
1765138502763 3.468 867
1765138503115 3.472 868
1765138503571 3.476 869
1765138504026 3.48 870
1765138504476 3.484 871
1765138504929 3.488 872
1765138505408 3.492 873
1765138505756 3.496 874
1765138506106 3.5 875
1765138506467 3.504 876
1765138506816 3.508 877
1765138507175 3.512 878
1765138507530 3.516 879
1765138507877 3.52 880
1765138508229 3.524 881
1765138508580 3.528 882
1765138508923 3.532 883
1765138509274 3.536 884
1765138509622 3.54 885
1765138509970 3.544 886
1765138510314 3.548 887
1765138510670 3.552 888
1765138511015 3.556 889
1765138511361 3.56 890
1765138511709 3.564 891
1765138512049 3.568 892
1765138512396 3.572 893
1765138512747 3.576 894
1765138513093 3.58 895
1765138513440 3.584 896
1765138513788 3.588 897
1765138514135 3.592 898
1765138514484 3.596 899
1765138514825 3.6 900
1765138515170 3.604 901
1765138515630 3.608 902
1765138516075 3.612 903
1765138516511 3.616 904
1765138516969 3.62 905
1765138517430 3.624 906
1765138517794 3.628 907
1765138518135 3.632 908
1765138518481 3.636 909
1765138518846 3.64 910
1765138519193 3.644 911
1765138519540 3.648 912
1765138519899 3.652 913
1765138520244 3.656 914
1765138520588 3.66 915
1765138520953 3.664 916
1765138521301 3.668 917
1765138521645 3.672 918
1765138522005 3.676 919
1765138522349 3.68 920
1765138522697 3.684 921
1765138523057 3.6879999999999997 922
1765138523397 3.692 923
1765138523744 3.6959999999999997 924
1765138524107 3.7 925
1765138524454 3.7039999999999997 926
1765138524801 3.708 927
1765138525162 3.7119999999999997 928
1765138525509 3.716 929
1765138525857 3.7199999999999998 930
1765138526205 3.724 931
1765138526550 3.7279999999999998 932
1765138526898 3.732 933
1765138527243 3.7359999999999998 934
1765138527649 3.74 935
1765138528109 3.7439999999999998 936
1765138528551 3.748 937
1765138528987 3.752 938
1765138529462 3.7560000000000002 939
1765138529865 3.76 940
1765138530212 3.7640000000000002 941
1765138530558 3.768 942
1765138530906 3.7720000000000002 943
1765138531250 3.776 944
1765138531611 3.7800000000000002 945
1765138531957 3.784 946
1765138532309 3.7880000000000003 947
1765138532657 3.792 948
1765138533006 3.7960000000000003 949
1765138533372 3.8 950
1765138533733 3.8040000000000003 951
1765138534082 3.808 952
1765138534444 3.8120000000000003 953
1765138534793 3.816 954
1765138535147 3.82 955
1765138535512 3.824 956
1765138535864 3.828 957
1765138536213 3.832 958
1765138536576 3.836 959
1765138536926 3.84 960
1765138537280 3.844 961
1765138537643 3.848 962
1765138537989 3.852 963
1765138538338 3.856 964
1765138538697 3.86 965
1765138539045 3.864 966
1765138539397 3.868 967
1765138539752 3.872 968
1765138540191 3.876 969
1765138540651 3.88 970
1765138541083 3.884 971
1765138541539 3.888 972
1765138542044 3.892 973
1765138542401 3.896 974
1765138542777 3.9 975
1765138543127 3.904 976
1765138543475 3.908 977
1765138543837 3.912 978
1765138544197 3.916 979
1765138544563 3.92 980
1765138544936 3.924 981
1765138545283 3.928 982
1765138545626 3.932 983
1765138545983 3.936 984
1765138546326 3.94 985
1765138546679 3.944 986
1765138547037 3.948 987
1765138547384 3.952 988
1765138547738 3.956 989
1765138548084 3.96 990
1765138548434 3.964 991
1765138548785 3.968 992
1765138549131 3.972 993
1765138549482 3.976 994
1765138549831 3.98 995
1765138550185 3.984 996
1765138550533 3.988 997
1765138550882 3.992 998
1765138551229 3.996 999
1765138551401 4.0 1000
1765138567968 4.0 1000
1765138568680 4.004 1001
1765138569027 4.008 1002
1765138569377 4.012 1003
1765138569727 4.016 1004
1765138570072 4.02 1005
1765138570428 4.024 1006
1765138570792 4.028 1007
1765138571136 4.032 1008
1765138571484 4.036 1009
1765138571841 4.04 1010
1765138572189 4.044 1011
1765138572580 4.048 1012
1765138572942 4.052 1013
1765138573311 4.056 1014
1765138573658 4.06 1015
1765138574017 4.064 1016
1765138574361 4.068 1017
1765138574709 4.072 1018
1765138575068 4.076 1019
1765138575418 4.08 1020
1765138575763 4.084 1021
1765138576120 4.088 1022
1765138576468 4.092 1023
1765138576906 4.096 1024
1765138577352 4.1 1025
1765138577786 4.104 1026
1765138578249 4.108 1027
1765138578733 4.112 1028
1765138579100 4.116 1029
1765138579449 4.12 1030
1765138579795 4.124 1031
1765138580150 4.128 1032
1765138580505 4.132 1033
1765138580851 4.136 1034
1765138581212 4.14 1035
1765138581568 4.144 1036
1765138581913 4.148 1037
1765138582273 4.152 1038
1765138582618 4.156 1039
1765138582964 4.16 1040
1765138583326 4.164 1041
1765138583674 4.168 1042
1765138584029 4.172 1043
1765138584392 4.176 1044
1765138584740 4.18 1045
1765138585088 4.184 1046
1765138585456 4.188 1047
1765138585803 4.192 1048
1765138586147 4.196 1049
1765138586509 4.2 1050
1765138586867 4.204 1051
1765138587218 4.208 1052
1765138587568 4.212 1053
1765138587914 4.216 1054
1765138588266 4.22 1055
1765138588615 4.224 1056
1765138588970 4.228 1057
1765138589414 4.232 1058
1765138589871 4.236 1059
1765138590308 4.24 1060
1765138590778 4.244 1061
1765138591218 4.248 1062
1765138591565 4.252 1063
1765138591909 4.256 1064
1765138592257 4.26 1065
1765138592603 4.264 1066
1765138592954 4.268 1067
1765138593306 4.272 1068
1765138593679 4.276 1069
1765138594033 4.28 1070
1765138594404 4.284 1071
1765138594773 4.288 1072
1765138595128 4.292 1073
1765138595494 4.296 1074
1765138595857 4.3 1075
1765138596210 4.304 1076
1765138596562 4.308 1077
1765138596919 4.312 1078
1765138597274 4.316 1079
1765138597625 4.32 1080
1765138597983 4.324 1081
1765138598334 4.328 1082
1765138598689 4.332 1083
1765138599035 4.336 1084
1765138599391 4.34 1085
1765138599744 4.344 1086
1765138600098 4.348 1087
1765138600456 4.352 1088
1765138600805 4.356 1089
1765138601159 4.36 1090
1765138601606 4.364 1091
1765138602067 4.368 1092
1765138602502 4.372 1093
1765138602956 4.376 1094
1765138603426 4.38 1095
1765138603794 4.384 1096
1765138604168 4.388 1097
1765138604525 4.392 1098
1765138604876 4.396 1099
1765138605239 4.4 1100
1765138605589 4.404 1101
1765138605941 4.408 1102
1765138606290 4.412 1103
1765138606638 4.416 1104
1765138606990 4.42 1105
1765138607337 4.424 1106
1765138607690 4.428 1107
1765138608033 4.432 1108
1765138608380 4.436 1109
1765138608733 4.44 1110
1765138609078 4.444 1111
1765138609431 4.448 1112
1765138609780 4.452 1113
1765138610129 4.456 1114
1765138610483 4.46 1115
1765138610830 4.464 1116
1765138611184 4.468 1117
1765138611533 4.4719999999999995 1118
1765138611888 4.476 1119
1765138612239 4.48 1120
1765138612589 4.484 1121
1765138612937 4.4879999999999995 1122
1765138613289 4.492 1123
1765138613746 4.496 1124
1765138614211 4.5 1125
1765138614653 4.504 1126
1765138615108 4.508 1127
1765138615581 4.5120000000000005 1128
1765138615927 4.516 1129
1765138616279 4.52 1130
1765138616626 4.524 1131
1765138616972 4.5280000000000005 1132
1765138617328 4.532 1133
1765138617680 4.536 1134
1765138618030 4.54 1135
1765138618376 4.5440000000000005 1136
1765138618727 4.548 1137
1765138619072 4.552 1138
1765138619423 4.556 1139
1765138619770 4.5600000000000005 1140
1765138620115 4.564 1141
1765138620463 4.568 1142
1765138620809 4.572 1143
1765138621155 4.576 1144
1765138621506 4.58 1145
1765138621852 4.584 1146
1765138622204 4.588 1147
1765138622557 4.592 1148
1765138622903 4.596 1149
1765138623252 4.6 1150
1765138623605 4.604 1151
1765138623957 4.608 1152
1765138624306 4.612 1153
1765138624690 4.616 1154
1765138625054 4.62 1155
1765138625453 4.624 1156
1765138625933 4.628 1157
1765138626377 4.632 1158
1765138626808 4.636 1159
1765138627263 4.64 1160
1765138627731 4.644 1161
1765138628093 4.648 1162
1765138628446 4.652 1163
1765138628794 4.656 1164
1765138629139 4.66 1165
1765138629488 4.664 1166
1765138629833 4.668 1167
1765138630181 4.672 1168
1765138630537 4.676 1169
1765138630883 4.68 1170
1765138631231 4.684 1171
1765138631577 4.688 1172
1765138631922 4.692 1173
1765138632268 4.696 1174
1765138632611 4.7 1175
1765138632957 4.704 1176
1765138633335 4.708 1177
1765138633684 4.712 1178
1765138634025 4.716 1179
1765138634371 4.72 1180
1765138634719 4.724 1181
1765138635065 4.728 1182
1765138635419 4.732 1183
1765138635773 4.736 1184
1765138636115 4.74 1185
1765138636463 4.744 1186
1765138636814 4.748 1187
1765138637184 4.752 1188
1765138637536 4.756 1189
1765138637887 4.76 1190
1765138638349 4.764 1191
1765138638801 4.768 1192
1765138639229 4.772 1193
1765138639681 4.776 1194
1765138640147 4.78 1195
1765138640511 4.784 1196
1765138640857 4.788 1197
1765138641208 4.792 1198
1765138641567 4.796 1199
1765138641922 4.8 1200
1765138642269 4.804 1201
1765138642617 4.808 1202
1765138642962 4.812 1203
1765138643308 4.816 1204
1765138643660 4.82 1205
1765138644006 4.824 1206
1765138644352 4.828 1207
1765138644706 4.832 1208
1765138645052 4.836 1209
1765138645409 4.84 1210
1765138645781 4.844 1211
1765138646137 4.848 1212
1765138646487 4.852 1213
1765138646843 4.856 1214
1765138647187 4.86 1215
1765138647536 4.864 1216
1765138647883 4.868 1217
1765138648243 4.872 1218
1765138648589 4.876 1219
1765138648937 4.88 1220
1765138649285 4.884 1221
1765138649640 4.888 1222
1765138649993 4.892 1223
1765138650467 4.896 1224
1765138650930 4.9 1225
1765138651358 4.904 1226
1765138651832 4.908 1227
1765138652292 4.912 1228
1765138652647 4.916 1229
1765138652993 4.92 1230
1765138653337 4.924 1231
1765138653690 4.928 1232
1765138654038 4.932 1233
1765138654384 4.936 1234
1765138654736 4.9399999999999995 1235
1765138655080 4.944 1236
1765138655469 4.948 1237
1765138655819 4.952 1238
1765138656168 4.9559999999999995 1239
1765138656530 4.96 1240
1765138656889 4.964 1241
1765138657240 4.968 1242
1765138657588 4.9719999999999995 1243
1765138657932 4.976 1244
1765138658281 4.98 1245
1765138658631 4.984 1246
1765138658981 4.9879999999999995 1247
1765138659324 4.992 1248
1765138659680 4.996 1249
1765138659856 5.0 1250
1765138676115 5.0 1250
1765138677184 5.004 1251
1765138677533 5.008 1252
1765138677896 5.012 1253
1765138678240 5.016 1254
1765138678584 5.02 1255
1765138678943 5.024 1256
1765138679290 5.028 1257
1765138679636 5.032 1258
1765138679996 5.036 1259
1765138680339 5.04 1260
1765138680696 5.044 1261
1765138681043 5.048 1262
1765138681388 5.052 1263
1765138681738 5.056 1264
1765138682084 5.06 1265
1765138682435 5.064 1266
1765138682784 5.068 1267
1765138683131 5.072 1268
1765138683485 5.076 1269
1765138683830 5.08 1270
1765138684179 5.084 1271
1765138684528 5.088 1272
1765138684873 5.092 1273
1765138685231 5.096 1274
1765138685580 5.1 1275
1765138685929 5.104 1276
1765138686278 5.108 1277
1765138686630 5.112 1278
1765138687003 5.116 1279
1765138687474 5.12 1280
1765138687927 5.124 1281
1765138688363 5.128 1282
1765138688818 5.132 1283
1765138689289 5.136 1284
1765138689634 5.14 1285
1765138689981 5.144 1286
1765138690340 5.148 1287
1765138690691 5.152 1288
1765138691037 5.156 1289
1765138691396 5.16 1290
1765138691746 5.164 1291
1765138692097 5.168 1292
1765138692451 5.172 1293
1765138692799 5.176 1294
1765138693148 5.18 1295
1765138693498 5.184 1296
1765138693847 5.188 1297
1765138694194 5.192 1298
1765138694545 5.196 1299
1765138694890 5.2 1300
1765138695240 5.204 1301
1765138695588 5.208 1302
1765138695934 5.212 1303
1765138696281 5.216 1304
1765138696629 5.22 1305
1765138696980 5.224 1306
1765138697329 5.228 1307
1765138697700 5.232 1308
1765138698047 5.236 1309
1765138698392 5.24 1310
1765138698744 5.244 1311
1765138699114 5.248 1312
1765138699568 5.252 1313
1765138700016 5.256 1314
1765138700452 5.26 1315
1765138700907 5.264 1316
1765138701372 5.268 1317
1765138701744 5.272 1318
1765138702094 5.276 1319
1765138702451 5.28 1320
1765138702814 5.284 1321
1765138703163 5.288 1322
1765138703515 5.292 1323
1765138703872 5.296 1324
1765138704224 5.3 1325
1765138704574 5.304 1326
1765138704922 5.308 1327
1765138705272 5.312 1328
1765138705624 5.316 1329
1765138705976 5.32 1330
1765138706314 5.324 1331
1765138706674 5.328 1332
1765138707042 5.332 1333
1765138707394 5.336 1334
1765138707758 5.34 1335
1765138708104 5.344 1336
1765138708456 5.348 1337
1765138708806 5.352 1338
1765138709155 5.356 1339
1765138709508 5.36 1340
1765138709855 5.364 1341
1765138710204 5.368 1342
1765138710558 5.372 1343
1765138710915 5.376 1344
1765138711260 5.38 1345
1765138711669 5.384 1346
1765138712123 5.388 1347
1765138712570 5.392 1348
1765138713014 5.396 1349
1765138713473 5.4 1350
1765138713876 5.404 1351
1765138714241 5.408 1352
1765138714587 5.412 1353
1765138714938 5.416 1354
1765138715298 5.42 1355
1765138715652 5.424 1356
1765138716003 5.428 1357
1765138716355 5.432 1358
1765138716712 5.436 1359
1765138717063 5.44 1360
1765138717439 5.444 1361
1765138717801 5.448 1362
1765138718150 5.452 1363
1765138718501 5.456 1364
1765138718848 5.46 1365
1765138719195 5.464 1366
1765138719547 5.468 1367
1765138719896 5.4719999999999995 1368
1765138720247 5.476 1369
1765138720591 5.48 1370
1765138720935 5.484 1371
1765138721280 5.4879999999999995 1372
1765138721629 5.492 1373
1765138721978 5.496 1374
1765138722322 5.5 1375
1765138722672 5.504 1376
1765138723026 5.508 1377
1765138723381 5.5120000000000005 1378
1765138723737 5.516 1379
1765138724182 5.52 1380
1765138724654 5.524 1381
1765138725085 5.5280000000000005 1382
1765138725557 5.532 1383
1765138726025 5.536 1384
1765138726368 5.54 1385
1765138726732 5.5440000000000005 1386
1765138727082 5.548 1387
1765138727434 5.552 1388
1765138727814 5.556 1389
1765138728160 5.5600000000000005 1390
1765138728519 5.564 1391
1765138728867 5.568 1392
1765138729216 5.572 1393
1765138729564 5.576 1394
1765138729909 5.58 1395
1765138730257 5.584 1396
1765138730602 5.588 1397
1765138730949 5.592 1398
1765138731294 5.596 1399
1765138731642 5.6 1400
1765138731989 5.604 1401
1765138732333 5.608 1402
1765138732682 5.612 1403
1765138733027 5.616 1404
1765138733371 5.62 1405
1765138733722 5.624 1406
1765138734069 5.628 1407
1765138734418 5.632 1408
1765138734766 5.636 1409
1765138735113 5.64 1410
1765138735463 5.644 1411
1765138735813 5.648 1412
1765138736244 5.652 1413
1765138736689 5.656 1414
1765138737139 5.66 1415
1765138737580 5.664 1416
1765138738072 5.668 1417
1765138738456 5.672 1418
1765138738805 5.676 1419
1765138739164 5.68 1420
1765138739511 5.684 1421
1765138739859 5.688 1422
1765138740226 5.692 1423
1765138740584 5.696 1424
1765138740940 5.7 1425
1765138741290 5.704 1426
1765138741632 5.708 1427
1765138741980 5.712 1428
1765138742323 5.716 1429
1765138742673 5.72 1430
1765138743017 5.724 1431
1765138743361 5.728 1432
1765138743715 5.732 1433
1765138744061 5.736 1434
1765138744413 5.74 1435
1765138744760 5.744 1436
1765138745104 5.748 1437
1765138745458 5.752 1438
1765138745823 5.756 1439
1765138746171 5.76 1440
1765138746520 5.764 1441
1765138746871 5.768 1442
1765138747218 5.772 1443
1765138747563 5.776 1444
1765138747917 5.78 1445
1765138748273 5.784 1446
1765138748730 5.788 1447
1765138749190 5.792 1448
1765138749635 5.796 1449
1765138750093 5.8 1450
1765138750571 5.804 1451
1765138750919 5.808 1452
1765138751267 5.812 1453
1765138751628 5.816 1454
1765138751980 5.82 1455
1765138752324 5.824 1456
1765138752689 5.828 1457
1765138753037 5.832 1458
1765138753383 5.836 1459
1765138753749 5.84 1460
1765138754094 5.844 1461
1765138754443 5.848 1462
1765138754801 5.852 1463
1765138755151 5.856 1464
1765138755507 5.86 1465
1765138755880 5.864 1466
1765138756224 5.868 1467
1765138756578 5.872 1468
1765138756928 5.876 1469
1765138757277 5.88 1470
1765138757625 5.884 1471
1765138757975 5.888 1472
1765138758320 5.892 1473
1765138758690 5.896 1474
1765138759039 5.9 1475
1765138759388 5.904 1476
1765138759735 5.908 1477
1765138760085 5.912 1478
1765138760456 5.916 1479
1765138760932 5.92 1480
1765138761394 5.924 1481
1765138761831 5.928 1482
1765138762291 5.932 1483
1765138762756 5.936 1484
1765138763116 5.9399999999999995 1485
1765138763466 5.944 1486
1765138763817 5.948 1487
1765138764180 5.952 1488
1765138764528 5.9559999999999995 1489
1765138764876 5.96 1490
1765138765234 5.964 1491
1765138765581 5.968 1492
1765138765932 5.9719999999999995 1493
1765138766287 5.976 1494
1765138766632 5.98 1495
1765138766987 5.984 1496
1765138767332 5.9879999999999995 1497
1765138767679 5.992 1498
1765138768035 5.996 1499
1765138768209 6.0 1500
1765138784150 6.0 1500
1765138784878 6.004 1501
1765138785322 6.008 1502
1765138785764 6.012 1503
1765138786201 6.016 1504
1765138786683 6.02 1505
1765138787189 6.024 1506
1765138787557 6.028 1507
1765138787902 6.032 1508
1765138788245 6.036 1509
1765138788588 6.04 1510
1765138788935 6.044 1511
1765138789282 6.048 1512
1765138789628 6.052 1513
1765138789986 6.056 1514
1765138790329 6.06 1515
1765138790678 6.064 1516
1765138791025 6.068 1517
1765138791373 6.072 1518
1765138791723 6.076 1519
1765138792074 6.08 1520
1765138792422 6.084 1521
1765138792769 6.088 1522
1765138793142 6.092 1523
1765138793500 6.096 1524
1765138793847 6.1 1525
1765138794212 6.104 1526
1765138794565 6.108 1527
1765138794917 6.112 1528
1765138795275 6.116 1529
1765138795620 6.12 1530
1765138795969 6.124 1531
1765138796332 6.128 1532
1765138796693 6.132 1533
1765138797046 6.136 1534
1765138797418 6.14 1535
1765138797867 6.144 1536
1765138798321 6.148 1537
1765138798751 6.152 1538
1765138799226 6.156 1539
1765138799671 6.16 1540
1765138800021 6.164 1541
1765138800370 6.168 1542
1765138800725 6.172 1543
1765138801077 6.176 1544
1765138801434 6.18 1545
1765138801788 6.184 1546
1765138802142 6.188 1547
1765138802504 6.192 1548
1765138802852 6.196 1549
1765138803208 6.2 1550
1765138803596 6.204 1551
1765138803949 6.208 1552
1765138804308 6.212 1553
1765138804675 6.216 1554
1765138805028 6.22 1555
1765138805383 6.224 1556
1765138805778 6.228 1557
1765138806131 6.232 1558
1765138806488 6.236 1559
1765138806839 6.24 1560
1765138807205 6.244 1561
1765138807561 6.248 1562
1765138807912 6.252 1563
1765138808268 6.256 1564
1765138808620 6.26 1565
1765138808969 6.264 1566
1765138809319 6.268 1567
1765138809717 6.272 1568
1765138810174 6.276 1569
1765138810635 6.28 1570
1765138811076 6.284 1571
1765138811535 6.288 1572
1765138811943 6.292 1573
1765138812295 6.296 1574
1765138812645 6.3 1575
1765138813012 6.304 1576
1765138813365 6.308 1577
1765138813727 6.312 1578
1765138814095 6.316 1579
1765138814458 6.32 1580
1765138814817 6.324 1581
1765138815172 6.328 1582
1765138815529 6.332 1583
1765138815880 6.336 1584
1765138816235 6.34 1585
1765138816584 6.344 1586
1765138816933 6.348 1587
1765138817286 6.352 1588
1765138817637 6.356 1589
1765138817985 6.36 1590
1765138818341 6.364 1591
1765138818699 6.368 1592
1765138819061 6.372 1593
1765138819415 6.376 1594
1765138819775 6.38 1595
1765138820145 6.384 1596
1765138820504 6.388 1597
1765138820857 6.392 1598
1765138821235 6.396 1599
1765138821588 6.4 1600
1765138822053 6.404 1601
1765138822506 6.408 1602
1765138822948 6.412 1603
1765138823422 6.416 1604
1765138823904 6.42 1605
1765138824261 6.424 1606
1765138824615 6.428 1607
1765138824974 6.432 1608
1765138825328 6.436 1609
1765138825680 6.44 1610
1765138826035 6.444 1611
1765138826389 6.448 1612
1765138826753 6.452 1613
1765138827109 6.456 1614
1765138827483 6.46 1615
1765138827836 6.464 1616
1765138828197 6.468 1617
1765138828585 6.4719999999999995 1618
1765138828941 6.476 1619
1765138829298 6.48 1620
1765138829667 6.484 1621
1765138830018 6.4879999999999995 1622
1765138830370 6.492 1623
1765138830728 6.496 1624
1765138831081 6.5 1625
1765138831431 6.504 1626
1765138831786 6.508 1627
1765138832136 6.5120000000000005 1628
1765138832491 6.516 1629
1765138832844 6.52 1630
1765138833195 6.524 1631
1765138833552 6.5280000000000005 1632
1765138833909 6.532 1633
1765138834376 6.536 1634
1765138834847 6.54 1635
1765138835298 6.5440000000000005 1636
1765138835769 6.548 1637
1765138836243 6.552 1638
1765138836598 6.556 1639
1765138836971 6.5600000000000005 1640
1765138837341 6.564 1641
1765138837694 6.568 1642
1765138838042 6.572 1643
1765138838394 6.576 1644
1765138838752 6.58 1645
1765138839103 6.584 1646
1765138839461 6.588 1647
1765138839813 6.592 1648
1765138840170 6.596 1649
1765138840533 6.6 1650
1765138840884 6.604 1651
1765138841239 6.608 1652
1765138841587 6.612 1653
1765138841935 6.616 1654
1765138842283 6.62 1655
1765138842632 6.624 1656
1765138842986 6.628 1657
1765138843337 6.632 1658
1765138843687 6.636 1659
1765138844049 6.64 1660
1765138844401 6.644 1661
1765138844768 6.648 1662
1765138845137 6.652 1663
1765138845495 6.656 1664
1765138845843 6.66 1665
1765138846214 6.664 1666
1765138846676 6.668 1667
1765138847135 6.672 1668
1765138847568 6.676 1669
1765138848044 6.68 1670
1765138848537 6.684 1671
1765138848884 6.688 1672
1765138849234 6.692 1673
1765138849578 6.696 1674
1765138849927 6.7 1675
1765138850281 6.704 1676
1765138850641 6.708 1677
1765138850991 6.712 1678
1765138851355 6.716 1679
1765138851706 6.72 1680
1765138852056 6.724 1681
1765138852422 6.728 1682
1765138852776 6.732 1683
1765138853125 6.736 1684
1765138853493 6.74 1685
1765138853839 6.744 1686
1765138854187 6.748 1687
1765138854557 6.752 1688
1765138854906 6.756 1689
1765138855264 6.76 1690
1765138855628 6.764 1691
1765138855982 6.768 1692
1765138856330 6.772 1693
1765138856697 6.776 1694
1765138857043 6.78 1695
1765138857398 6.784 1696
1765138857754 6.788 1697
1765138858108 6.792 1698
1765138858462 6.796 1699
1765138858928 6.8 1700
1765138859380 6.804 1701
1765138859829 6.808 1702
1765138860294 6.812 1703
1765138860775 6.816 1704
1765138861128 6.82 1705
1765138861486 6.824 1706
1765138861851 6.828 1707
1765138862202 6.832 1708
1765138862554 6.836 1709
1765138862920 6.84 1710
1765138863274 6.844 1711
1765138863627 6.848 1712
1765138863989 6.852 1713
1765138864334 6.856 1714
1765138864687 6.86 1715
1765138865031 6.864 1716
1765138865402 6.868 1717
1765138865750 6.872 1718
1765138866098 6.876 1719
1765138866450 6.88 1720
1765138866805 6.884 1721
1765138867154 6.888 1722
1765138867531 6.892 1723
1765138867880 6.896 1724
1765138868233 6.9 1725
1765138868582 6.904 1726
1765138868934 6.908 1727
1765138869285 6.912 1728
1765138869633 6.916 1729
1765138869984 6.92 1730
1765138870334 6.924 1731
1765138870691 6.928 1732
1765138871152 6.932 1733
1765138871608 6.936 1734
1765138872047 6.9399999999999995 1735
1765138872508 6.944 1736
1765138872983 6.948 1737
1765138873335 6.952 1738
1765138873686 6.9559999999999995 1739
1765138874033 6.96 1740
1765138874382 6.964 1741
1765138874733 6.968 1742
1765138875079 6.9719999999999995 1743
1765138875437 6.976 1744
1765138875790 6.98 1745
1765138876140 6.984 1746
1765138876498 6.9879999999999995 1747
1765138876847 6.992 1748
1765138877200 6.996 1749
1765138877374 7.0 1750
1765138893362 7.0 1750
1765138894102 7.004 1751
1765138894449 7.008 1752
1765138894796 7.012 1753
1765138895142 7.016 1754
1765138895553 7.02 1755
1765138896005 7.024 1756
1765138896461 7.028 1757
1765138896898 7.032 1758
1765138897360 7.036 1759
1765138897803 7.04 1760
1765138898162 7.044 1761
1765138898513 7.048 1762
1765138898861 7.052 1763
1765138899225 7.056 1764
1765138899571 7.06 1765
1765138899915 7.064 1766
1765138900279 7.068 1767
1765138900628 7.072 1768
1765138900974 7.076 1769
1765138901335 7.08 1770
1765138901687 7.084 1771
1765138902038 7.088 1772
1765138902403 7.092 1773
1765138902756 7.096 1774
1765138903109 7.1 1775
1765138903465 7.104 1776
1765138903814 7.108 1777
1765138904163 7.112 1778
1765138904514 7.116 1779
1765138904857 7.12 1780
1765138905205 7.124 1781
1765138905566 7.128 1782
1765138905919 7.132 1783
1765138906265 7.136 1784
1765138906630 7.14 1785
1765138906978 7.144 1786
1765138907328 7.148 1787
1765138907688 7.152 1788
1765138908140 7.156 1789
1765138908609 7.16 1790
1765138909085 7.164 1791
1765138909547 7.168 1792
1765138910018 7.172 1793
1765138910366 7.176 1794
1765138910739 7.18 1795
1765138911087 7.184 1796
1765138911443 7.188 1797
1765138911803 7.192 1798
1765138912156 7.196 1799
1765138912513 7.2 1800
1765138912868 7.204 1801
1765138913223 7.208 1802
1765138913575 7.212 1803
1765138913929 7.216 1804
1765138914278 7.22 1805
1765138914631 7.224 1806
1765138914984 7.228 1807
1765138915337 7.232 1808
1765138915693 7.236 1809
1765138916043 7.24 1810
1765138916394 7.244 1811
1765138916778 7.248 1812
1765138917140 7.252 1813
1765138917502 7.256 1814
1765138917880 7.26 1815
1765138918235 7.264 1816
1765138918591 7.268 1817
1765138918959 7.272 1818
1765138919294 7.276 1819
1765138919651 7.28 1820
1765138920024 7.284 1821
1765138920483 7.288 1822
1765138920946 7.292 1823
1765138921391 7.296 1824
1765138921857 7.3 1825
1765138922327 7.304 1826
1765138922679 7.308 1827
1765138923029 7.312 1828
1765138923381 7.316 1829
1765138923743 7.32 1830
1765138924112 7.324 1831
1765138924471 7.328 1832
1765138924829 7.332 1833
1765138925200 7.336 1834
1765138925559 7.34 1835
1765138925916 7.344 1836
1765138926286 7.348 1837
1765138926635 7.352 1838
1765138926987 7.356 1839
1765138927357 7.36 1840
1765138927712 7.364 1841
1765138928068 7.368 1842
1765138928426 7.372 1843
1765138928777 7.376 1844
1765138929127 7.38 1845
1765138929481 7.384 1846
1765138929832 7.388 1847
1765138930186 7.392 1848
1765138930543 7.396 1849
1765138930896 7.4 1850
1765138931248 7.404 1851
1765138931598 7.408 1852
1765138931953 7.412 1853
1765138932309 7.416 1854
1765138932765 7.42 1855
1765138933222 7.424 1856
1765138933669 7.428 1857
1765138934129 7.432 1858
1765138934622 7.436 1859
1765138934979 7.44 1860
1765138935330 7.444 1861
1765138935700 7.448 1862
1765138936054 7.452 1863
1765138936414 7.456 1864
1765138936781 7.46 1865
1765138937137 7.464 1866
1765138937497 7.468 1867
1765138937851 7.4719999999999995 1868
1765138938225 7.476 1869
1765138938583 7.48 1870
1765138938940 7.484 1871
1765138939325 7.4879999999999995 1872
1765138939692 7.492 1873
1765138940046 7.496 1874
1765138940401 7.5 1875
1765138940770 7.504 1876
1765138941125 7.508 1877
1765138941486 7.5120000000000005 1878
1765138941854 7.516 1879
1765138942205 7.52 1880
1765138942562 7.524 1881
1765138942932 7.5280000000000005 1882
1765138943283 7.532 1883
1765138943634 7.536 1884
1765138944001 7.54 1885
1765138944356 7.5440000000000005 1886
1765138944789 7.548 1887
1765138945243 7.552 1888
1765138945693 7.556 1889
1765138946175 7.5600000000000005 1890
1765138946651 7.564 1891
1765138947049 7.568 1892
1765138947399 7.572 1893
1765138947751 7.576 1894
1765138948131 7.58 1895
1765138948520 7.584 1896
1765138948879 7.588 1897
1765138949244 7.592 1898
1765138949594 7.596 1899
1765138949954 7.6 1900
1765138950305 7.604 1901
1765138950658 7.608 1902
1765138951008 7.612 1903
1765138951356 7.616 1904
1765138951709 7.62 1905
1765138952061 7.624 1906
1765138952414 7.628 1907
1765138952770 7.632 1908
1765138953118 7.636 1909
1765138953472 7.64 1910
1765138953827 7.644 1911
1765138954173 7.648 1912
1765138954532 7.652 1913
1765138954880 7.656 1914
1765138955232 7.66 1915
1765138955585 7.664 1916
1765138955934 7.668 1917
1765138956281 7.672 1918
1765138956627 7.676 1919
1765138957050 7.68 1920
1765138957509 7.684 1921
1765138957958 7.688 1922
1765138958403 7.692 1923
1765138958881 7.696 1924
1765138959269 7.7 1925
1765138959634 7.704 1926
1765138959991 7.708 1927
1765138960347 7.712 1928
1765138960738 7.716 1929
1765138961090 7.72 1930
1765138961447 7.724 1931
1765138961798 7.728 1932
1765138962152 7.732 1933
1765138962509 7.736 1934
1765138962857 7.74 1935
1765138963208 7.744 1936
1765138963564 7.748 1937
1765138963915 7.752 1938
1765138964265 7.756 1939
1765138964617 7.76 1940
1765138964965 7.764 1941
1765138965316 7.768 1942
1765138965688 7.772 1943
1765138966038 7.776 1944
1765138966387 7.78 1945
1765138966758 7.784 1946
1765138967110 7.788 1947
1765138967464 7.792 1948
1765138967832 7.796 1949
1765138968179 7.8 1950
1765138968550 7.804 1951
1765138968914 7.808 1952
1765138969357 7.812 1953
1765138969807 7.816 1954
1765138970249 7.82 1955
1765138970696 7.824 1956
1765138971179 7.828 1957
1765138971553 7.832 1958
1765138971902 7.836 1959
1765138972251 7.84 1960
1765138972602 7.844 1961
1765138972952 7.848 1962
1765138973299 7.852 1963
1765138973650 7.856 1964
1765138974002 7.86 1965
1765138974348 7.864 1966
1765138974702 7.868 1967
1765138975060 7.872 1968
1765138975409 7.876 1969
1765138975764 7.88 1970
1765138976134 7.884 1971
1765138976485 7.888 1972
1765138976836 7.892 1973
1765138977204 7.896 1974
1765138977560 7.9 1975
1765138977909 7.904 1976
1765138978273 7.908 1977
1765138978622 7.912 1978
1765138978975 7.916 1979
1765138979338 7.92 1980
1765138979703 7.924 1981
1765138980055 7.928 1982
1765138980406 7.932 1983
1765138980759 7.936 1984
1765138981112 7.9399999999999995 1985
1765138981509 7.944 1986
1765138981958 7.948 1987
1765138982416 7.952 1988
1765138982875 7.9559999999999995 1989
1765138983343 7.96 1990
1765138983748 7.964 1991
1765138984102 7.968 1992
1765138984469 7.9719999999999995 1993
1765138984816 7.976 1994
1765138985165 7.98 1995
1765138985531 7.984 1996
1765138985882 7.9879999999999995 1997
1765138986237 7.992 1998
1765138986601 7.996 1999
1765138986773 8.0 2000
1765139002696 8.0 2000
1765139003425 8.004 2001
1765139003779 8.008 2002
1765139004124 8.012 2003
1765139004475 8.016 2004
1765139004818 8.02 2005
1765139005164 8.024 2006
1765139005513 8.028 2007
1765139005889 8.032 2008
1765139006346 8.036 2009
1765139006797 8.04 2010
1765139007232 8.044 2011
1765139007690 8.048 2012
1765139008104 8.052 2013
1765139008482 8.056 2014
1765139008831 8.06 2015
1765139009179 8.064 2016
1765139009548 8.068 2017
1765139009897 8.072 2018
1765139010252 8.076 2019
1765139010622 8.08 2020
1765139010970 8.084 2021
1765139011319 8.088 2022
1765139011671 8.092 2023
1765139012021 8.096 2024
1765139012371 8.1 2025
1765139012727 8.104 2026
1765139013088 8.108 2027
1765139013437 8.112 2028
1765139013790 8.116 2029
1765139014138 8.12 2030
1765139014486 8.124 2031
1765139014839 8.128 2032
1765139015188 8.132 2033
1765139015553 8.136 2034
1765139015905 8.14 2035
1765139016262 8.144 2036
1765139016630 8.148 2037
1765139016980 8.152 2038
1765139017332 8.156 2039
1765139017703 8.16 2040
1765139018108 8.164 2041
1765139018563 8.168 2042
1765139019012 8.172 2043
1765139019452 8.176 2044
1765139019928 8.18 2045
1765139020291 8.184 2046
1765139020637 8.188 2047
1765139021015 8.192 2048
1765139021364 8.196 2049
1765139021727 8.2 2050
1765139022082 8.204 2051
1765139022436 8.208 2052
1765139022791 8.212 2053
1765139023142 8.216 2054
1765139023494 8.22 2055
1765139023842 8.224 2056
1765139024190 8.228 2057
1765139024539 8.232 2058
1765139024891 8.236 2059
1765139025240 8.24 2060
1765139025586 8.244 2061
1765139025941 8.248 2062
1765139026266 8.252 2063
1765139026614 8.256 2064
1765139026964 8.26 2065
1765139027314 8.264 2066
1765139027670 8.268 2067
1765139028018 8.272 2068
1765139028368 8.276 2069
1765139028752 8.28 2070
1765139029118 8.284 2071
1765139029472 8.288 2072
1765139029821 8.292 2073
1765139030225 8.296 2074
1765139030674 8.3 2075
1765139031128 8.304 2076
1765139031578 8.308 2077
1765139032034 8.312 2078
1765139032439 8.316 2079
1765139032793 8.32 2080
1765139033154 8.324 2081
1765139033523 8.328 2082
1765139033873 8.332 2083
1765139034231 8.336 2084
1765139034582 8.34 2085
1765139034936 8.344 2086
1765139035289 8.348 2087
1765139035646 8.352 2088
1765139036001 8.356 2089
1765139036350 8.36 2090
1765139036704 8.364 2091
1765139037055 8.368 2092
1765139037410 8.372 2093
1765139037767 8.376 2094
1765139038121 8.38 2095
1765139038475 8.384 2096
1765139038825 8.388 2097
1765139039180 8.392 2098
1765139039545 8.396 2099
1765139039896 8.4 2100
1765139040250 8.404 2101
1765139040610 8.408 2102
1765139040958 8.412 2103
1765139041309 8.416 2104
1765139041673 8.42 2105
1765139042023 8.424 2106
1765139042435 8.428 2107
1765139042890 8.432 2108
1765139043333 8.436 2109
1765139043792 8.44 2110
1765139044257 8.444 2111
1765139044605 8.448 2112
1765139044953 8.452 2113
1765139045305 8.456 2114
1765139045657 8.46 2115
1765139046009 8.464 2116
1765139046360 8.468 2117
1765139046712 8.472 2118
1765139047058 8.475999999999999 2119
1765139047412 8.48 2120
1765139047760 8.484 2121
1765139048107 8.488 2122
1765139048462 8.492 2123
1765139048810 8.496 2124
1765139049159 8.5 2125
1765139049514 8.504 2126
1765139049868 8.508 2127
1765139050224 8.512 2128
1765139050578 8.516 2129
1765139050945 8.52 2130
1765139051291 8.524000000000001 2131
1765139051638 8.528 2132
1765139051998 8.532 2133
1765139052345 8.536 2134
1765139052694 8.54 2135
1765139053067 8.544 2136
1765139053415 8.548 2137
1765139053769 8.552 2138
1765139054131 8.556000000000001 2139
1765139054544 8.56 2140
1765139054991 8.564 2141
1765139055435 8.568 2142
1765139055881 8.572 2143
1765139056354 8.576 2144
1765139056733 8.58 2145
1765139057080 8.584 2146
1765139057434 8.588 2147
1765139057783 8.592 2148
1765139058131 8.596 2149
1765139058483 8.6 2150
1765139058835 8.604 2151
1765139059188 8.608 2152
1765139059547 8.612 2153
1765139059893 8.616 2154
1765139060246 8.62 2155
1765139060593 8.624 2156
1765139060948 8.628 2157
1765139061312 8.632 2158
1765139061663 8.636 2159
1765139062059 8.64 2160
1765139062441 8.644 2161
1765139062787 8.648 2162
1765139063136 8.652 2163
1765139063503 8.656 2164
1765139063853 8.66 2165
1765139064202 8.664 2166
1765139064570 8.668 2167
1765139064918 8.672 2168
1765139065273 8.676 2169
1765139065638 8.68 2170
1765139065988 8.684 2171
1765139066345 8.688 2172
1765139066811 8.692 2173
1765139067261 8.696 2174
1765139067709 8.7 2175
1765139068169 8.704 2176
1765139068671 8.708 2177
1765139069019 8.712 2178
1765139069368 8.716 2179
1765139069735 8.72 2180
1765139070100 8.724 2181
1765139070451 8.728 2182
1765139070813 8.732 2183
1765139071162 8.736 2184
1765139071526 8.74 2185
1765139071901 8.744 2186
1765139072252 8.748 2187
1765139072606 8.752 2188
1765139072974 8.756 2189
1765139073324 8.76 2190
1765139073685 8.764 2191
1765139074043 8.768 2192
1765139074392 8.772 2193
1765139074746 8.776 2194
1765139075096 8.78 2195
1765139075452 8.784 2196
1765139075800 8.788 2197
1765139076148 8.792 2198
1765139076504 8.796 2199
1765139076857 8.8 2200
1765139077217 8.804 2201
1765139077572 8.808 2202
1765139077931 8.812 2203
1765139078278 8.816 2204
1765139078629 8.82 2205
1765139079091 8.824 2206
1765139079534 8.828 2207
1765139079963 8.832 2208
1765139080430 8.836 2209
1765139080903 8.84 2210
1765139081267 8.844 2211
1765139081614 8.848 2212
1765139081966 8.852 2213
1765139082318 8.856 2214
1765139082674 8.86 2215
1765139083029 8.864 2216
1765139083382 8.868 2217
1765139083729 8.872 2218
1765139084075 8.876 2219
1765139084435 8.88 2220
1765139084784 8.884 2221
1765139085134 8.888 2222
1765139085492 8.892 2223
1765139085837 8.896 2224
1765139086193 8.9 2225
1765139086545 8.904 2226
1765139086897 8.908 2227
1765139087248 8.912 2228
1765139087595 8.916 2229
1765139087943 8.92 2230
1765139088292 8.924 2231
1765139088644 8.928 2232
1765139088995 8.932 2233
1765139089357 8.936 2234
1765139089720 8.94 2235
1765139090065 8.943999999999999 2236
1765139090434 8.948 2237
1765139090795 8.952 2238
1765139091256 8.956 2239
1765139091716 8.96 2240
1765139092151 8.964 2241
1765139092647 8.968 2242
1765139093122 8.972 2243
1765139093474 8.975999999999999 2244
1765139093827 8.98 2245
1765139094179 8.984 2246
1765139094531 8.988 2247
1765139094885 8.992 2248
1765139095233 8.996 2249
1765139095409 9.0 2250
1765139111207 9.0 2250
1765139111952 9.004 2251
1765139112308 9.008 2252
1765139112652 9.012 2253
1765139112998 9.016 2254
1765139113357 9.02 2255
1765139113705 9.024 2256
1765139114057 9.028 2257
1765139114423 9.032 2258
1765139114771 9.036 2259
1765139115118 9.04 2260
1765139115605 9.044 2261
1765139116056 9.048 2262
1765139116524 9.052 2263
1765139116984 9.056 2264
1765139117453 9.06 2265
1765139117806 9.064 2266
1765139118155 9.068 2267
1765139118518 9.072 2268
1765139118868 9.076 2269
1765139119214 9.08 2270
1765139119579 9.084 2271
1765139119937 9.088 2272
1765139120282 9.092 2273
1765139120654 9.096 2274
1765139121002 9.1 2275
1765139121361 9.104 2276
1765139121740 9.108 2277
1765139122085 9.112 2278
1765139122436 9.116 2279
1765139122801 9.12 2280
1765139123149 9.124 2281
1765139123502 9.128 2282
1765139123858 9.132 2283
1765139124203 9.136 2284
1765139124556 9.14 2285
1765139124903 9.144 2286
1765139125252 9.148 2287
1765139125596 9.152 2288
1765139125957 9.156 2289
1765139126307 9.16 2290
1765139126658 9.164 2291
1765139127015 9.168 2292
1765139127365 9.172 2293
1765139127833 9.176 2294
1765139128296 9.18 2295
1765139128734 9.184 2296
1765139129192 9.188 2297
1765139129640 9.192 2298
1765139130013 9.196 2299
1765139130359 9.2 2300
1765139130708 9.204 2301
1765139131072 9.208 2302
1765139131424 9.212 2303
1765139131775 9.216 2304
1765139132150 9.22 2305
1765139132505 9.224 2306
1765139132857 9.228 2307
1765139133215 9.232 2308
1765139133566 9.236 2309
1765139133926 9.24 2310
1765139134282 9.244 2311
1765139134632 9.248 2312
1765139134993 9.252 2313
1765139135349 9.256 2314
1765139135704 9.26 2315
1765139136056 9.264 2316
1765139136412 9.268 2317
1765139136770 9.272 2318
1765139137125 9.276 2319
1765139137483 9.28 2320
1765139137831 9.284 2321
1765139138185 9.288 2322
1765139138534 9.292 2323
1765139138884 9.296 2324
1765139139251 9.3 2325
1765139139603 9.304 2326
1765139140049 9.308 2327
1765139140507 9.312 2328
1765139140945 9.316 2329
1765139141403 9.32 2330
1765139141824 9.324 2331
1765139142178 9.328 2332
1765139142545 9.332 2333
1765139142898 9.336 2334
1765139143245 9.34 2335
1765139143609 9.344 2336
1765139143965 9.348 2337
1765139144319 9.352 2338
1765139144676 9.356 2339
1765139145029 9.36 2340
1765139145381 9.364 2341
1765139145738 9.368 2342
1765139146093 9.372 2343
1765139146448 9.376 2344
1765139146795 9.38 2345
1765139147146 9.384 2346
1765139147495 9.388 2347
1765139147845 9.392 2348
1765139148197 9.396 2349
1765139148548 9.4 2350
1765139148897 9.404 2351
1765139149248 9.408 2352
1765139149597 9.412 2353
1765139149948 9.416 2354
1765139150295 9.42 2355
1765139150644 9.424 2356
1765139150999 9.428 2357
1765139151350 9.432 2358
1765139151716 9.436 2359
1765139152173 9.44 2360
1765139152629 9.444 2361
1765139153065 9.448 2362
1765139153559 9.452 2363
1765139154000 9.456 2364
1765139154349 9.46 2365
1765139154708 9.464 2366
1765139155063 9.468 2367
1765139155410 9.472 2368
1765139155760 9.475999999999999 2369
1765139156117 9.48 2370
1765139156472 9.484 2371
1765139156839 9.488 2372
1765139157187 9.492 2373
1765139157537 9.496 2374
1765139157886 9.5 2375
1765139158255 9.504 2376
1765139158607 9.508 2377
1765139158956 9.512 2378
1765139159305 9.516 2379
1765139159657 9.52 2380
1765139160006 9.524000000000001 2381
1765139160358 9.528 2382
1765139160712 9.532 2383
1765139161069 9.536 2384
1765139161424 9.54 2385
1765139161773 9.544 2386
1765139162140 9.548 2387
1765139162498 9.552 2388
1765139162849 9.556000000000001 2389
1765139163217 9.56 2390
1765139163567 9.564 2391
1765139163924 9.568 2392
1765139164391 9.572 2393
1765139164844 9.576 2394
1765139165302 9.58 2395
1765139165761 9.584 2396
1765139166186 9.588 2397
1765139166538 9.592 2398
1765139166885 9.596 2399
1765139167237 9.6 2400
1765139167588 9.604 2401
1765139167939 9.608 2402
1765139168287 9.612 2403
1765139168636 9.616 2404
1765139168985 9.62 2405
1765139169334 9.624 2406
1765139169686 9.628 2407
1765139170037 9.632 2408
1765139170389 9.636 2409
1765139170743 9.64 2410
1765139171094 9.644 2411
1765139171446 9.648 2412
1765139171797 9.652 2413
1765139172147 9.656 2414
1765139172497 9.66 2415
1765139172846 9.664 2416
1765139173197 9.668 2417
1765139173551 9.672 2418
1765139173901 9.676 2419
1765139174252 9.68 2420
1765139174616 9.684 2421
1765139174967 9.688 2422
1765139175319 9.692 2423
1765139175689 9.696 2424
1765139176041 9.7 2425
1765139176496 9.704 2426
1765139176948 9.708 2427
1765139177390 9.712 2428
1765139177867 9.716 2429
1765139178303 9.72 2430
1765139178648 9.724 2431
1765139178998 9.728 2432
1765139179349 9.732 2433
1765139179703 9.736 2434
1765139180053 9.74 2435
1765139180408 9.744 2436
1765139180762 9.748 2437
1765139181111 9.752 2438
1765139181467 9.756 2439
1765139181818 9.76 2440
1765139182171 9.764 2441
1765139182522 9.768 2442
1765139182868 9.772 2443
1765139183219 9.776 2444
1765139183568 9.78 2445
1765139183917 9.784 2446
1765139184278 9.788 2447
1765139184621 9.792 2448
1765139184979 9.796 2449
1765139185337 9.8 2450
1765139185685 9.804 2451
1765139186045 9.808 2452
1765139186390 9.812 2453
1765139186741 9.816 2454
1765139187099 9.82 2455
1765139187449 9.824 2456
1765139187796 9.828 2457
1765139188188 9.832 2458
1765139188635 9.836 2459
1765139189076 9.84 2460
1765139189513 9.844 2461
1765139189968 9.848 2462
1765139190436 9.852 2463
1765139190787 9.856 2464
1765139191131 9.86 2465
1765139191478 9.864 2466
1765139191825 9.868 2467
1765139192174 9.872 2468
1765139192527 9.876 2469
1765139192871 9.88 2470
1765139193217 9.884 2471
1765139193568 9.888 2472
1765139193918 9.892 2473
1765139194266 9.896 2474
1765139194609 9.9 2475
1765139194955 9.904 2476
1765139195309 9.908 2477
1765139195656 9.912 2478
1765139196000 9.916 2479
1765139196367 9.92 2480
1765139196720 9.924 2481
1765139197066 9.928 2482
1765139197418 9.932 2483
1765139197762 9.936 2484
1765139198104 9.94 2485
1765139198476 9.943999999999999 2486
1765139198823 9.948 2487
1765139199171 9.952 2488
1765139199533 9.956 2489
1765139199878 9.96 2490
1765139200229 9.964 2491
1765139200690 9.968 2492
1765139201135 9.972 2493
1765139201563 9.975999999999999 2494
1765139202014 9.98 2495
1765139202475 9.984 2496
1765139202835 9.988 2497
1765139203181 9.992 2498
1765139203528 9.996 2499
1765139203701 10.0 2500
1765139219431 10.0 2500
1765139220195 10.004 2501
1765139220535 10.008 2502
1765139220880 10.012 2503
1765139221222 10.016 2504
1765139221565 10.02 2505
1765139221909 10.024 2506
1765139222258 10.028 2507
1765139222608 10.032 2508
1765139222953 10.036 2509
1765139223301 10.04 2510
1765139223645 10.044 2511
1765139223990 10.048 2512
1765139224344 10.052 2513
1765139224747 10.056 2514
1765139225218 10.06 2515
1765139225681 10.064 2516
1765139226130 10.068 2517
1765139226618 10.072 2518
1765139226966 10.076 2519
1765139227315 10.08 2520
1765139227678 10.084 2521
1765139228023 10.088 2522
1765139228375 10.092 2523
1765139228740 10.096 2524
1765139229083 10.1 2525
1765139229447 10.104 2526
1765139229808 10.108 2527
1765139230158 10.112 2528
1765139230510 10.116 2529
1765139230876 10.12 2530
1765139231223 10.124 2531
1765139231571 10.128 2532
1765139231936 10.132 2533
1765139232283 10.136 2534
1765139232644 10.14 2535
1765139232998 10.144 2536
1765139233346 10.148 2537
1765139233697 10.152 2538
1765139234046 10.156 2539
1765139234400 10.16 2540
1765139234751 10.164 2541
1765139235097 10.168 2542
1765139235452 10.172 2543
1765139235801 10.176 2544
1765139236144 10.18 2545
1765139236499 10.184 2546
1765139236925 10.188 2547
1765139237373 10.192 2548
1765139237812 10.196 2549
1765139238273 10.2 2550
1765139238743 10.204 2551
1765139239092 10.208 2552
1765139239450 10.212 2553
1765139239802 10.216 2554
1765139240170 10.22 2555
1765139240529 10.224 2556
1765139240880 10.228 2557
1765139241248 10.232 2558
1765139241601 10.236 2559
1765139241949 10.24 2560
1765139242309 10.244 2561
1765139242660 10.248 2562
1765139243009 10.252 2563
1765139243370 10.256 2564
1765139243719 10.26 2565
1765139244062 10.264 2566
1765139244427 10.268 2567
1765139244779 10.272 2568
1765139245129 10.276 2569
1765139245534 10.28 2570
1765139245883 10.284 2571
1765139246232 10.288 2572
1765139246585 10.292 2573
1765139246936 10.296 2574
1765139247285 10.3 2575
1765139247636 10.304 2576
1765139247987 10.308 2577
1765139248341 10.312 2578
1765139248694 10.316 2579
1765139249139 10.32 2580
1765139249605 10.324 2581
1765139250061 10.328 2582
1765139250538 10.332 2583
1765139251006 10.336 2584
1765139251358 10.34 2585
1765139251727 10.344 2586
1765139252077 10.348 2587
1765139252437 10.352 2588
1765139252801 10.356 2589
1765139253150 10.36 2590
1765139253514 10.364 2591
1765139253866 10.368 2592
1765139254221 10.372 2593
1765139254574 10.376 2594
1765139254930 10.38 2595
1765139255291 10.384 2596
1765139255645 10.388 2597
1765139255994 10.392 2598
1765139256363 10.396 2599
1765139256720 10.4 2600
1765139257071 10.404 2601
1765139257431 10.408 2602
1765139257787 10.412 2603
1765139258137 10.416 2604
1765139258490 10.42 2605
1765139258859 10.424 2606
1765139259208 10.428 2607
1765139259561 10.432 2608
1765139259927 10.436 2609
1765139260276 10.44 2610
1765139260627 10.444 2611
1765139260995 10.448 2612
1765139261436 10.452 2613
1765139261891 10.456 2614
1765139262323 10.46 2615
1765139262786 10.464 2616
1765139263223 10.468 2617
1765139263577 10.472 2618
1765139263927 10.475999999999999 2619
1765139264275 10.48 2620
1765139264625 10.484 2621
1765139264974 10.488 2622
1765139265321 10.492 2623
1765139265676 10.496 2624
1765139266032 10.5 2625
1765139266378 10.504 2626
1765139266733 10.508 2627
1765139267079 10.512 2628
1765139267433 10.516 2629
1765139267784 10.52 2630
1765139268132 10.524000000000001 2631
1765139268488 10.528 2632
1765139268836 10.532 2633
1765139269186 10.536 2634
1765139269536 10.54 2635
1765139269884 10.544 2636
1765139270243 10.548 2637
1765139270593 10.552 2638
1765139270953 10.556000000000001 2639
1765139271319 10.56 2640
1765139271668 10.564 2641
1765139272016 10.568 2642
1765139272378 10.572 2643
1765139272730 10.576 2644
1765139273083 10.58 2645
1765139273546 10.584 2646
1765139273990 10.588 2647
1765139274437 10.592 2648
1765139274896 10.596 2649
1765139275327 10.6 2650
1765139275704 10.604 2651
1765139276046 10.608 2652
1765139276404 10.612 2653
1765139276759 10.616 2654
1765139277109 10.62 2655
1765139277457 10.624 2656
1765139277803 10.628 2657
1765139278150 10.632 2658
1765139278505 10.636 2659
1765139278855 10.64 2660
1765139279204 10.644 2661
1765139279557 10.648 2662
1765139279904 10.652 2663
1765139280253 10.656 2664
1765139280605 10.66 2665
1765139280954 10.664 2666
1765139281306 10.668 2667
1765139281668 10.672 2668
1765139282011 10.676 2669
1765139282361 10.68 2670
1765139282729 10.684 2671
1765139283075 10.688 2672
1765139283428 10.692 2673
1765139283790 10.696 2674
1765139284142 10.7 2675
1765139284499 10.704 2676
1765139284856 10.708 2677
1765139285213 10.712 2678
1765139285669 10.716 2679
1765139286116 10.72 2680
1765139286550 10.724 2681
1765139287012 10.728 2682
1765139287443 10.732 2683
1765139287794 10.736 2684
1765139288137 10.74 2685
1765139288488 10.744 2686
1765139288837 10.748 2687
1765139289185 10.752 2688
1765139289537 10.756 2689
1765139289881 10.76 2690
1765139290231 10.764 2691
1765139290581 10.768 2692
1765139290930 10.772 2693
1765139291278 10.776 2694
1765139291630 10.78 2695
1765139291979 10.784 2696
1765139292335 10.788 2697
1765139292692 10.792 2698
1765139293043 10.796 2699
1765139293386 10.8 2700
1765139293742 10.804 2701
1765139294092 10.808 2702
1765139294439 10.812 2703
1765139294784 10.816 2704
1765139295135 10.82 2705
1765139295485 10.824 2706
1765139295829 10.828 2707
1765139296185 10.832 2708
1765139296534 10.836 2709
1765139296881 10.84 2710
1765139297249 10.844 2711
1765139297705 10.848 2712
1765139298149 10.852 2713
1765139298578 10.856 2714
1765139299029 10.86 2715
1765139299497 10.864 2716
1765139299844 10.868 2717
1765139300190 10.872 2718
1765139300552 10.876 2719
1765139300899 10.88 2720
1765139301251 10.884 2721
1765139301596 10.888 2722
1765139301952 10.892 2723
1765139302301 10.896 2724
1765139302649 10.9 2725
1765139302996 10.904 2726
1765139303343 10.908 2727
1765139303696 10.912 2728
1765139304045 10.916 2729
1765139304392 10.92 2730
1765139304742 10.924 2731
1765139305093 10.928 2732
1765139305444 10.932 2733
1765139305793 10.936 2734
1765139306150 10.94 2735
1765139306514 10.943999999999999 2736
1765139306862 10.948 2737
1765139307207 10.952 2738
1765139307555 10.956 2739
1765139307900 10.96 2740
1765139308247 10.964 2741
1765139308595 10.968 2742
1765139308941 10.972 2743
1765139309289 10.975999999999999 2744
1765139309742 10.98 2745
1765139310190 10.984 2746
1765139310635 10.988 2747
1765139311088 10.992 2748
1765139311549 10.996 2749
1765139311723 11.0 2750
1765139327578 11.0 2750
1765139328298 11.004 2751
1765139328640 11.008 2752
1765139328991 11.012 2753
1765139329333 11.016 2754
1765139329681 11.02 2755
1765139330023 11.024 2756
1765139330361 11.028 2757
1765139330708 11.032 2758
1765139331051 11.036 2759
1765139331397 11.04 2760
1765139331741 11.044 2761
1765139332081 11.048 2762
1765139332428 11.052 2763
1765139332776 11.056 2764
1765139333137 11.06 2765
1765139333489 11.064 2766
1765139333906 11.068 2767
1765139334345 11.072 2768
1765139334792 11.076 2769
1765139335225 11.08 2770
1765139335694 11.084 2771
1765139336043 11.088 2772
1765139336386 11.092 2773
1765139336744 11.096 2774
1765139337090 11.1 2775
1765139337433 11.104 2776
1765139337791 11.108 2777
1765139338131 11.112 2778
1765139338476 11.116 2779
1765139338832 11.12 2780
1765139339176 11.124 2781
1765139339519 11.128 2782
1765139339877 11.132 2783
1765139340223 11.136 2784
1765139340562 11.14 2785
1765139340917 11.144 2786
1765139341261 11.148 2787
1765139341601 11.152 2788
1765139341962 11.156 2789
1765139342303 11.16 2790
1765139342648 11.164 2791
1765139343004 11.168 2792
1765139343360 11.172 2793
1765139343704 11.176 2794
1765139344061 11.18 2795
1765139344405 11.184 2796
1765139344754 11.188 2797
1765139345111 11.192 2798
1765139345475 11.196 2799
1765139345846 11.2 2800
1765139346295 11.204 2801
1765139346739 11.208 2802
1765139347180 11.212 2803
1765139347630 11.216 2804
1765139348061 11.22 2805
1765139348409 11.224 2806
1765139348760 11.228 2807
1765139349104 11.232 2808
1765139349451 11.236 2809
1765139349801 11.24 2810
1765139350145 11.244 2811
1765139350499 11.248 2812
1765139350843 11.252 2813
1765139351185 11.256 2814
1765139351550 11.26 2815
1765139351903 11.264 2816
1765139352258 11.268 2817
1765139352595 11.272 2818
1765139352938 11.276 2819
1765139353279 11.28 2820
1765139353630 11.284 2821
1765139353973 11.288 2822
1765139354318 11.292 2823
1765139354664 11.296 2824
1765139355008 11.3 2825
1765139355350 11.304 2826
1765139355696 11.308 2827
1765139356039 11.312 2828
1765139356380 11.316 2829
1765139356733 11.32 2830
1765139357078 11.324 2831
1765139357423 11.328 2832
1765139357766 11.332 2833
1765139358177 11.336 2834
1765139358621 11.34 2835
1765139359053 11.344 2836
1765139359490 11.348 2837
1765139359940 11.352 2838
1765139360287 11.356 2839
1765139360631 11.36 2840
1765139360976 11.364 2841
1765139361324 11.368 2842
1765139361676 11.372 2843
1765139362019 11.376 2844
1765139362360 11.38 2845
1765139362710 11.384 2846
1765139363053 11.388 2847
1765139363400 11.392 2848
1765139363752 11.396 2849
1765139364095 11.4 2850
1765139364436 11.404 2851
1765139364798 11.408 2852
1765139365141 11.412 2853
1765139365485 11.416 2854
1765139365842 11.42 2855
1765139366186 11.424 2856
1765139366533 11.428 2857
1765139366896 11.432 2858
1765139367249 11.436 2859
1765139367596 11.44 2860
1765139367956 11.444 2861
1765139368300 11.448 2862
1765139368647 11.452 2863
1765139369004 11.456 2864
1765139369349 11.46 2865
1765139369697 11.464 2866
1765139370060 11.468 2867
1765139370505 11.472 2868
1765139370951 11.475999999999999 2869
1765139371381 11.48 2870
1765139371831 11.484 2871
1765139372315 11.488 2872
1765139372656 11.492 2873
1765139372997 11.496 2874
1765139373335 11.5 2875
1765139373678 11.504 2876
1765139374024 11.508 2877
1765139374377 11.512 2878
1765139374723 11.516 2879
1765139375065 11.52 2880
1765139375415 11.524000000000001 2881
1765139375756 11.528 2882
1765139376099 11.532 2883
1765139376441 11.536 2884
1765139376788 11.54 2885
1765139377141 11.544 2886
1765139377494 11.548 2887
1765139377843 11.552 2888
1765139378195 11.556000000000001 2889
1765139378540 11.56 2890
1765139378880 11.564 2891
1765139379226 11.568 2892
1765139379582 11.572 2893
1765139379927 11.576 2894
1765139380268 11.58 2895
1765139380608 11.584 2896
1765139380954 11.588 2897
1765139381298 11.592 2898
1765139381643 11.596 2899
1765139381984 11.6 2900
1765139382354 11.604 2901
1765139382792 11.608 2902
1765139383233 11.612 2903
1765139383667 11.616 2904
1765139384120 11.62 2905
1765139384529 11.624 2906
1765139384872 11.628 2907
1765139385219 11.632 2908
1765139385578 11.636 2909
1765139385920 11.64 2910
1765139386262 11.644 2911
1765139386617 11.648 2912
1765139386959 11.652 2913
1765139387302 11.656 2914
1765139387660 11.66 2915
1765139388006 11.664 2916
1765139388350 11.668 2917
1765139388709 11.672 2918
1765139389049 11.676 2919
1765139389391 11.68 2920
1765139389748 11.684 2921
1765139390085 11.688 2922
1765139390430 11.692 2923
1765139390788 11.696 2924
1765139391130 11.7 2925
1765139391473 11.704 2926
1765139391828 11.708 2927
1765139392170 11.712 2928
1765139392518 11.716 2929
1765139392878 11.72 2930
1765139393224 11.724 2931
1765139393568 11.728 2932
1765139393926 11.732 2933
1765139394272 11.736 2934
1765139394728 11.74 2935
1765139395185 11.744 2936
1765139395613 11.748 2937
1765139396084 11.752 2938
1765139396552 11.756 2939
1765139396900 11.76 2940
1765139397242 11.764 2941
1765139397580 11.768 2942
1765139397926 11.772 2943
1765139398275 11.776 2944
1765139398617 11.78 2945
1765139398962 11.784 2946
1765139399311 11.788 2947
1765139399658 11.792 2948
1765139400003 11.796 2949
1765139400346 11.8 2950
1765139400696 11.804 2951
1765139401042 11.808 2952
1765139401388 11.812 2953
1765139401737 11.816 2954
1765139402084 11.82 2955
1765139402437 11.824 2956
1765139402783 11.828 2957
1765139403127 11.832 2958
1765139403473 11.836 2959
1765139403820 11.84 2960
1765139404166 11.844 2961
1765139404514 11.848 2962
1765139404859 11.852 2963
1765139405208 11.856 2964
1765139405554 11.86 2965
1765139405905 11.864 2966
1765139406251 11.868 2967
1765139406630 11.872 2968
1765139407076 11.876 2969
1765139407538 11.88 2970
1765139407973 11.884 2971
1765139408446 11.888 2972
1765139408817 11.892 2973
1765139409157 11.896 2974
1765139409522 11.9 2975
1765139409867 11.904 2976
1765139410219 11.908 2977
1765139410574 11.912 2978
1765139410921 11.916 2979
1765139411261 11.92 2980
1765139411613 11.924 2981
1765139411958 11.928 2982
1765139412306 11.932 2983
1765139412669 11.936 2984
1765139413014 11.94 2985
1765139413360 11.943999999999999 2986
1765139413723 11.948 2987
1765139414064 11.952 2988
1765139414408 11.956 2989
1765139414766 11.96 2990
1765139415109 11.964 2991
1765139415454 11.968 2992
1765139415812 11.972 2993
1765139416168 11.975999999999999 2994
1765139416516 11.98 2995
1765139416865 11.984 2996
1765139417215 11.988 2997
1765139417561 11.992 2998
1765139417904 11.996 2999
1765139418071 12.0 3000
1765139434628 12.0 3000
1765139435363 12.004 3001
1765139435700 12.008 3002
1765139436039 12.012 3003
1765139436392 12.016 3004
1765139436739 12.02 3005
1765139437083 12.024 3006
1765139437429 12.028 3007
1765139437785 12.032 3008
1765139438126 12.036 3009
1765139438473 12.04 3010
1765139438816 12.044 3011
1765139439159 12.048 3012
1765139439503 12.052 3013
1765139439846 12.056 3014
1765139440209 12.06 3015
1765139440555 12.064 3016
1765139440905 12.068 3017
1765139441247 12.072 3018
1765139441590 12.076 3019
1765139441930 12.08 3020
1765139442272 12.084 3021
1765139442613 12.088 3022
1765139442956 12.092 3023
1765139443390 12.096 3024
1765139443847 12.1 3025
1765139444275 12.104 3026
1765139444726 12.108 3027
1765139445165 12.112 3028
1765139445511 12.116 3029
1765139445867 12.12 3030
1765139446216 12.124 3031
1765139446557 12.128 3032
1765139446913 12.132 3033
1765139447255 12.136 3034
1765139447594 12.14 3035
1765139447951 12.144 3036
1765139448292 12.148 3037
1765139448634 12.152 3038
1765139448995 12.156 3039
1765139449338 12.16 3040
1765139449682 12.164 3041
1765139450048 12.168 3042
1765139450388 12.172 3043
1765139450730 12.176 3044
1765139451088 12.18 3045
1765139451427 12.184 3046
1765139451770 12.188 3047
1765139452128 12.192 3048
1765139452470 12.196 3049
1765139452812 12.2 3050
1765139453189 12.204 3051
1765139453534 12.208 3052
1765139453875 12.212 3053
1765139454233 12.216 3054
1765139454576 12.22 3055
1765139454919 12.224 3056
1765139455375 12.228 3057
1765139455818 12.232 3058
1765139456256 12.236 3059
1765139456699 12.24 3060
1765139457164 12.244 3061
1765139457504 12.248 3062
1765139457844 12.252 3063
1765139458196 12.256 3064
1765139458550 12.26 3065
1765139458891 12.264 3066
1765139459242 12.268 3067
1765139459583 12.272 3068
1765139459923 12.276 3069
1765139460269 12.28 3070
1765139460612 12.284 3071
1765139460955 12.288 3072
1765139461302 12.292 3073
1765139461650 12.296 3074
1765139461991 12.3 3075
1765139462333 12.304 3076
1765139462679 12.308 3077
1765139463018 12.312 3078
1765139463363 12.316 3079
1765139463710 12.32 3080
1765139464052 12.324 3081
1765139464401 12.328 3082
1765139464745 12.332 3083
1765139465086 12.336 3084
1765139465432 12.34 3085
1765139465771 12.344 3086
1765139466111 12.348 3087
1765139466459 12.352 3088
1765139466799 12.356 3089
1765139467151 12.36 3090
1765139467603 12.364 3091
1765139468041 12.368 3092
1765139468466 12.372 3093
1765139468943 12.376 3094
1765139469402 12.38 3095
1765139469755 12.384 3096
1765139470100 12.388 3097
1765139470445 12.392 3098
1765139470806 12.396 3099
1765139471149 12.4 3100
1765139471494 12.404 3101
1765139471847 12.408 3102
1765139472192 12.412 3103
1765139472536 12.416 3104
1765139472890 12.42 3105
1765139473233 12.424 3106
1765139473572 12.428 3107
1765139473927 12.432 3108
1765139474268 12.436 3109
1765139474620 12.44 3110
1765139474976 12.444 3111
1765139475317 12.448 3112
1765139475663 12.452 3113
1765139476018 12.456 3114
1765139476363 12.46 3115
1765139476712 12.464 3116
1765139477067 12.468 3117
1765139477413 12.472 3118
1765139477755 12.475999999999999 3119
1765139478112 12.48 3120
1765139478456 12.484 3121
1765139478802 12.488 3122
1765139479175 12.492 3123
1765139479593 12.496 3124
1765139480031 12.5 3125
1765139480465 12.504 3126
1765139480909 12.508 3127
1765139481385 12.512 3128
1765139481730 12.516 3129
1765139482075 12.52 3130
1765139482422 12.524000000000001 3131
1765139482766 12.528 3132
1765139483112 12.532 3133
1765139483454 12.536 3134
1765139483797 12.54 3135
1765139484138 12.544 3136
1765139484484 12.548 3137
1765139484824 12.552 3138
1765139485163 12.556000000000001 3139
1765139485509 12.56 3140
1765139485852 12.564 3141
1765139486194 12.568 3142
1765139486539 12.572 3143
1765139486881 12.576 3144
1765139487225 12.58 3145
1765139487566 12.584 3146
1765139487911 12.588 3147
1765139488255 12.592 3148
1765139488596 12.596 3149
1765139488940 12.6 3150
1765139489294 12.604 3151
1765139489635 12.608 3152
1765139489981 12.612 3153
1765139490320 12.616 3154
1765139490666 12.62 3155
1765139491010 12.624 3156
1765139491350 12.628 3157
1765139491799 12.632 3158
1765139492242 12.636 3159
1765139492681 12.64 3160
1765139493134 12.644 3161
1765139493600 12.648 3162
1765139493950 12.652 3163
1765139494294 12.656 3164
1765139494637 12.66 3165
1765139494988 12.664 3166
1765139495331 12.668 3167
1765139495678 12.672 3168
1765139496021 12.676 3169
1765139496363 12.68 3170
1765139496714 12.684 3171
1765139497057 12.688 3172
1765139497407 12.692 3173
1765139497759 12.696 3174
1765139498103 12.7 3175
1765139498447 12.704 3176
1765139498809 12.708 3177
1765139499154 12.712 3178
1765139499505 12.716 3179
1765139499869 12.72 3180
1765139500216 12.724 3181
1765139500559 12.728 3182
1765139500921 12.732 3183
1765139501267 12.736 3184
1765139501613 12.74 3185
1765139501975 12.744 3186
1765139502336 12.748 3187
1765139502685 12.752 3188
1765139503045 12.756 3189
1765139503387 12.76 3190
1765139503803 12.764 3191
1765139504256 12.768 3192
1765139504697 12.772 3193
1765139505155 12.776 3194
1765139505615 12.78 3195
1765139505959 12.784 3196
1765139506305 12.788 3197
1765139506655 12.792 3198
1765139507015 12.796 3199
1765139507360 12.8 3200
1765139507707 12.804 3201
1765139508052 12.808 3202
1765139508402 12.812 3203
1765139508748 12.816 3204
1765139509094 12.82 3205
1765139509442 12.824 3206
1765139509785 12.828 3207
1765139510143 12.832 3208
1765139510486 12.836 3209
1765139510832 12.84 3210
1765139511178 12.844 3211
1765139511525 12.848 3212
1765139511873 12.852 3213
1765139512226 12.856 3214
1765139512575 12.86 3215
1765139512927 12.864 3216
1765139513311 12.868 3217
1765139513673 12.872 3218
1765139514018 12.876 3219
1765139514376 12.88 3220
1765139514727 12.884 3221
1765139515079 12.888 3222
1765139515445 12.892 3223
1765139515841 12.896 3224
1765139516284 12.9 3225
1765139516730 12.904 3226
1765139517170 12.908 3227
1765139517638 12.912 3228
1765139518005 12.916 3229
1765139518351 12.92 3230
1765139518721 12.924 3231
1765139519076 12.928 3232
1765139519432 12.932 3233
1765139519792 12.936 3234
1765139520157 12.94 3235
1765139520518 12.943999999999999 3236
1765139520862 12.948 3237
1765139521211 12.952 3238
1765139521560 12.956 3239
1765139521912 12.96 3240
1765139522263 12.964 3241
1765139522611 12.968 3242
1765139522961 12.972 3243
1765139523310 12.975999999999999 3244
1765139523664 12.98 3245
1765139524018 12.984 3246
1765139524369 12.988 3247
1765139524724 12.992 3248
1765139525073 12.996 3249
1765139525248 13.0 3250
1765139541480 13.0 3250
1765139542437 13.004 3251
1765139542786 13.008 3252
1765139543133 13.012 3253
1765139543478 13.016 3254
1765139543826 13.02 3255
1765139544169 13.024 3256
1765139544519 13.028 3257
1765139544869 13.032 3258
1765139545219 13.036 3259
1765139545564 13.04 3260
1765139545911 13.044 3261
1765139546257 13.048 3262
1765139546607 13.052 3263
1765139546965 13.056 3264
1765139547323 13.06 3265
1765139547691 13.064 3266
1765139548051 13.068 3267
1765139548399 13.072 3268
1765139548775 13.076 3269
1765139549125 13.08 3270
1765139549476 13.084 3271
1765139549837 13.088 3272
1765139550187 13.092 3273
1765139550539 13.096 3274
1765139550904 13.1 3275
1765139551251 13.104 3276
1765139551597 13.108 3277
1765139551959 13.112 3278
1765139552367 13.116 3279
1765139552818 13.12 3280
1765139553266 13.124 3281
1765139553710 13.128 3282
1765139554192 13.132 3283
1765139554550 13.136 3284
1765139554903 13.14 3285
1765139555251 13.144 3286
1765139555598 13.148 3287
1765139555953 13.152 3288
1765139556307 13.156 3289
1765139556661 13.16 3290
1765139557010 13.164 3291
1765139557361 13.168 3292
1765139557713 13.172 3293
1765139558069 13.176 3294
1765139558422 13.18 3295
1765139558772 13.184 3296
1765139559139 13.188 3297
1765139559495 13.192 3298
1765139559848 13.196 3299
1765139560219 13.2 3300
1765139560569 13.204 3301
1765139560926 13.208 3302
1765139561297 13.212 3303
1765139561644 13.216 3304
1765139561993 13.22 3305
1765139562354 13.224 3306
1765139562711 13.228 3307
1765139563061 13.232 3308
1765139563429 13.236 3309
1765139563785 13.24 3310
1765139564159 13.244 3311
1765139564597 13.248 3312
1765139565047 13.252 3313
1765139565506 13.256 3314
1765139565957 13.26 3315
1765139566443 13.264 3316
1765139566799 13.268 3317
1765139567154 13.272 3318
1765139567530 13.276 3319
1765139567880 13.28 3320
1765139568233 13.284 3321
1765139568602 13.288 3322
1765139568951 13.292 3323
1765139569305 13.296 3324
1765139569661 13.3 3325
1765139570009 13.304 3326
1765139570362 13.308 3327
1765139570719 13.312 3328
1765139571069 13.316 3329
1765139571422 13.32 3330
1765139571774 13.324 3331
1765139572138 13.328 3332
1765139572491 13.332 3333
1765139572843 13.336 3334
1765139573196 13.34 3335
1765139573549 13.344 3336
1765139573897 13.348 3337
1765139574245 13.352 3338
1765139574594 13.356 3339
1765139574945 13.36 3340
1765139575297 13.364 3341
1765139575649 13.368 3342
1765139575995 13.372 3343
1765139576342 13.376 3344
1765139576827 13.38 3345
1765139577277 13.384 3346
1765139577711 13.388 3347
1765139578175 13.392 3348
1765139578649 13.396 3349
1765139579012 13.4 3350
1765139579360 13.404 3351
1765139579709 13.408 3352
1765139580065 13.412 3353
1765139580417 13.416 3354
1765139580772 13.42 3355
1765139581122 13.424 3356
1765139581521 13.428 3357
1765139581867 13.432 3358
1765139582221 13.436 3359
1765139582576 13.44 3360
1765139582926 13.444 3361
1765139583273 13.448 3362
1765139583619 13.452 3363
1765139583969 13.456 3364
1765139584320 13.46 3365
1765139584674 13.464 3366
1765139585018 13.468 3367
1765139585366 13.472 3368
1765139585720 13.475999999999999 3369
1765139586067 13.48 3370
1765139586424 13.484 3371
1765139586773 13.488 3372
1765139587119 13.492 3373
1765139587468 13.496 3374
1765139587813 13.5 3375
1765139588165 13.504 3376
1765139588515 13.508 3377
1765139588971 13.512 3378
1765139589437 13.516 3379
1765139589873 13.52 3380
1765139590338 13.524000000000001 3381
1765139590798 13.528 3382
1765139591143 13.532 3383
1765139591505 13.536 3384
1765139591851 13.54 3385
1765139592193 13.544 3386
1765139592557 13.548 3387
1765139592913 13.552 3388
1765139593266 13.556000000000001 3389
1765139593611 13.56 3390
1765139593961 13.564 3391
1765139594323 13.568 3392
1765139594675 13.572 3393
1765139595021 13.576 3394
1765139595368 13.58 3395
1765139595715 13.584 3396
1765139596062 13.588 3397
1765139596413 13.592 3398
1765139596763 13.596 3399
1765139597114 13.6 3400
1765139597466 13.604 3401
1765139597813 13.608 3402
1765139598159 13.612 3403
1765139598507 13.616 3404
1765139598857 13.62 3405
1765139599201 13.624 3406
1765139599550 13.628 3407
1765139599900 13.632 3408
1765139600248 13.636 3409
1765139600593 13.64 3410
1765139601040 13.644 3411
1765139601530 13.648 3412
1765139601979 13.652 3413
1765139602443 13.656 3414
1765139602919 13.66 3415
1765139603263 13.664 3416
1765139603609 13.668 3417
1765139603971 13.672 3418
1765139604316 13.676 3419
1765139604672 13.68 3420
1765139605024 13.684 3421
1765139605372 13.688 3422
1765139605724 13.692 3423
1765139606067 13.696 3424
1765139606417 13.7 3425
1765139606775 13.704 3426
1765139607120 13.708 3427
1765139607469 13.712 3428
1765139607816 13.716 3429
1765139608169 13.72 3430
1765139608522 13.724 3431
1765139608869 13.728 3432
1765139609216 13.732 3433
1765139609569 13.736 3434
1765139609923 13.74 3435
1765139610272 13.744 3436
1765139610619 13.748 3437
1765139610968 13.752 3438
1765139611315 13.756 3439
1765139611694 13.76 3440
1765139612043 13.764 3441
1765139612397 13.768 3442
1765139612749 13.772 3443
1765139613211 13.776 3444
1765139613681 13.78 3445
1765139614121 13.784 3446
1765139614598 13.788 3447
1765139615072 13.792 3448
1765139615424 13.796 3449
1765139615779 13.8 3450
1765139616126 13.804 3451
1765139616479 13.808 3452
1765139616826 13.812 3453
1765139617174 13.816 3454
1765139617529 13.82 3455
1765139617876 13.824 3456
1765139618223 13.828 3457
1765139618571 13.832 3458
1765139618920 13.836 3459
1765139619270 13.84 3460
1765139619618 13.844 3461
1765139619962 13.848 3462
1765139620306 13.852 3463
1765139620657 13.856 3464
1765139621006 13.86 3465
1765139621351 13.864 3466
1765139621701 13.868 3467
1765139622046 13.872 3468
1765139622392 13.876 3469
1765139622742 13.88 3470
1765139623085 13.884 3471
1765139623436 13.888 3472
1765139623797 13.892 3473
1765139624144 13.896 3474
1765139624503 13.9 3475
1765139624847 13.904 3476
1765139625250 13.908 3477
1765139625708 13.912 3478
1765139626159 13.916 3479
1765139626608 13.92 3480
1765139627062 13.924 3481
1765139627420 13.928 3482
1765139627788 13.932 3483
1765139628133 13.936 3484
1765139628484 13.94 3485
1765139628847 13.943999999999999 3486
1765139629197 13.948 3487
1765139629552 13.952 3488
1765139629915 13.956 3489
1765139630265 13.96 3490
1765139630618 13.964 3491
1765139630981 13.968 3492
1765139631330 13.972 3493
1765139631683 13.975999999999999 3494
1765139632032 13.98 3495
1765139632387 13.984 3496
1765139632742 13.988 3497
1765139633088 13.992 3498
1765139633435 13.996 3499
1765139633607 14.0 3500
1765139649503 14.0 3500
1765139650509 14.004 3501
1765139650958 14.008 3502
1765139651418 14.012 3503
1765139651779 14.016 3504
1765139652124 14.02 3505
1765139652474 14.024 3506
1765139652837 14.028 3507
1765139653182 14.032 3508
1765139653527 14.036 3509
1765139653888 14.04 3510
1765139654232 14.044 3511
1765139654579 14.048 3512
1765139654955 14.052 3513
1765139655310 14.056 3514
1765139655666 14.06 3515
1765139656009 14.064 3516
1765139656352 14.068 3517
1765139656706 14.072 3518
1765139657053 14.076 3519
1765139657403 14.08 3520
1765139657747 14.084 3521
1765139658093 14.088 3522
1765139658440 14.092 3523
1765139658784 14.096 3524
1765139659133 14.1 3525
1765139659483 14.104 3526
1765139659829 14.108 3527
1765139660175 14.112 3528
1765139660523 14.116 3529
1765139660872 14.12 3530
1765139661222 14.124 3531
1765139661616 14.128 3532
1765139662068 14.132 3533
1765139662509 14.136 3534
1765139662954 14.14 3535
1765139663411 14.144 3536
1765139663789 14.148 3537
1765139664133 14.152 3538
1765139664482 14.156 3539
1765139664827 14.16 3540
1765139665190 14.164 3541
1765139665542 14.168 3542
1765139665893 14.172 3543
1765139666252 14.176 3544
1765139666600 14.18 3545
1765139666948 14.184 3546
1765139667309 14.188 3547
1765139667655 14.192 3548
1765139668005 14.196 3549
1765139668366 14.2 3550
1765139668720 14.204 3551
1765139669069 14.208 3552
1765139669434 14.212 3553
1765139669785 14.216 3554
1765139670134 14.22 3555
1765139670498 14.224 3556
1765139670846 14.228 3557
1765139671192 14.232 3558
1765139671556 14.236 3559
1765139671905 14.24 3560
1765139672256 14.244 3561
1765139672641 14.248 3562
1765139672990 14.252 3563
1765139673344 14.256 3564
1765139673739 14.26 3565
1765139674184 14.264 3566
1765139674657 14.268 3567
1765139675108 14.272 3568
1765139675602 14.276 3569
1765139675998 14.28 3570
1765139676347 14.284 3571
1765139676719 14.288 3572
1765139677065 14.292 3573
1765139677416 14.296 3574
1765139677797 14.3 3575
1765139678145 14.304 3576
1765139678500 14.308 3577
1765139678876 14.312 3578
1765139679227 14.316 3579
1765139679575 14.32 3580
1765139679936 14.324 3581
1765139680289 14.328 3582
1765139680643 14.332 3583
1765139680992 14.336 3584
1765139681339 14.34 3585
1765139681696 14.344 3586
1765139682047 14.348 3587
1765139682393 14.352 3588
1765139682748 14.356 3589
1765139683098 14.36 3590
1765139683447 14.364 3591
1765139683799 14.368 3592
1765139684150 14.372 3593
1765139684500 14.376 3594
1765139684851 14.38 3595
1765139685199 14.384 3596
1765139685552 14.388 3597
1765139685937 14.392 3598
1765139686383 14.396 3599
1765139686842 14.4 3600
1765139687289 14.404 3601
1765139687762 14.408 3602
1765139688196 14.412 3603
1765139688549 14.416 3604
1765139688902 14.42 3605
1765139689264 14.424 3606
1765139689611 14.428 3607
1765139689962 14.432 3608
1765139690322 14.436 3609
1765139690676 14.44 3610
1765139691029 14.444 3611
1765139691383 14.448 3612
1765139691739 14.452 3613
1765139692089 14.456 3614
1765139692442 14.46 3615
1765139692794 14.464 3616
1765139693157 14.468 3617
1765139693507 14.472 3618
1765139693854 14.475999999999999 3619
1765139694199 14.48 3620
1765139694552 14.484 3621
1765139694906 14.488 3622
1765139695254 14.492 3623
1765139695613 14.496 3624
1765139695959 14.5 3625
1765139696317 14.504 3626
1765139696670 14.508 3627
1765139697015 14.512 3628
1765139697361 14.516 3629
1765139697713 14.52 3630
1765139698065 14.524000000000001 3631
1765139698518 14.528 3632
1765139698964 14.532 3633
1765139699392 14.536 3634
1765139699853 14.54 3635
1765139700271 14.544 3636
1765139700632 14.548 3637
1765139700981 14.552 3638
1765139701325 14.556000000000001 3639
1765139701695 14.56 3640
1765139702043 14.564 3641
1765139702390 14.568 3642
1765139702760 14.572 3643
1765139703112 14.576 3644
1765139703463 14.58 3645
1765139703815 14.584 3646
1765139704167 14.588 3647
1765139704518 14.592 3648
1765139704866 14.596 3649
1765139705217 14.6 3650
1765139705568 14.604 3651
1765139705926 14.608 3652
1765139706276 14.612 3653
1765139706635 14.616 3654
1765139706981 14.62 3655
1765139707328 14.624 3656
1765139707679 14.628 3657
1765139708025 14.632 3658
1765139708372 14.636 3659
1765139708724 14.64 3660
1765139709070 14.644 3661
1765139709419 14.648 3662
1765139709768 14.652 3663
1765139710119 14.656 3664
1765139710570 14.66 3665
1765139711026 14.664 3666
1765139711454 14.668 3667
1765139711922 14.672 3668
1765139712353 14.676 3669
1765139712698 14.68 3670
1765139713059 14.684 3671
1765139713407 14.688 3672
1765139713758 14.692 3673
1765139714118 14.696 3674
1765139714467 14.7 3675
1765139714813 14.704 3676
1765139715177 14.708 3677
1765139715528 14.712 3678
1765139715881 14.716 3679
1765139716240 14.72 3680
1765139716586 14.724 3681
1765139716943 14.728 3682
1765139717302 14.732 3683
1765139717648 14.736 3684
1765139717992 14.74 3685
1765139718348 14.744 3686
1765139718700 14.748 3687
1765139719049 14.752 3688
1765139719396 14.756 3689
1765139719746 14.76 3690
1765139720094 14.764 3691
1765139720443 14.768 3692
1765139720788 14.772 3693
1765139721133 14.776 3694
1765139721484 14.78 3695
1765139721827 14.784 3696
1765139722178 14.788 3697
1765139722633 14.792 3698
1765139723082 14.796 3699
1765139723525 14.8 3700
1765139723985 14.804 3701
1765139724447 14.808 3702
1765139724796 14.812 3703
1765139725143 14.816 3704
1765139725508 14.82 3705
1765139725856 14.824 3706
1765139726203 14.828 3707
1765139726565 14.832 3708
1765139726913 14.836 3709
1765139727257 14.84 3710
1765139727616 14.844 3711
1765139727965 14.848 3712
1765139728310 14.852 3713
1765139728673 14.856 3714
1765139729020 14.86 3715
1765139729365 14.864 3716
1765139729729 14.868 3717
1765139730076 14.872 3718
1765139730423 14.876 3719
1765139730784 14.88 3720
1765139731128 14.884 3721
1765139731480 14.888 3722
1765139731833 14.892 3723
1765139732179 14.896 3724
1765139732534 14.9 3725
1765139732879 14.904 3726
1765139733226 14.908 3727
1765139733572 14.912 3728
1765139733969 14.916 3729
1765139734320 14.92 3730
1765139734783 14.924 3731
1765139735236 14.928 3732
1765139735679 14.932 3733
1765139736141 14.936 3734
1765139736575 14.94 3735
1765139736940 14.943999999999999 3736
1765139737290 14.948 3737
1765139737635 14.952 3738
1765139737999 14.956 3739
1765139738343 14.96 3740
1765139738692 14.964 3741
1765139739054 14.968 3742
1765139739403 14.972 3743
1765139739759 14.975999999999999 3744
1765139740124 14.98 3745
1765139740473 14.984 3746
1765139740820 14.988 3747
1765139741183 14.992 3748
1765139741531 14.996 3749
1765139741703 15.0 3750
1765139757537 15.0 3750
1765139757756 15.0 3750
