1765138132926 0.695 1
1765138133356 0.6849 2
1765138133741 0.7187 3
1765138134155 0.6855 4
1765138134562 0.6768 5
1765138134936 0.675 6
1765138135280 0.6894 7
1765138135726 0.7057 8
1765138136174 0.6935 9
1765138136639 0.6791 10
1765138137114 0.6864 11
1765138137615 0.6688 12
1765138137972 0.6535 13
1765138138337 0.6771 14
1765138138718 0.6654 15
1765138139101 0.6714 16
1765138139463 0.6656 17
1765138139849 0.6436 18
1765138140218 0.6507 19
1765138140584 0.6265 20
1765138140951 0.666 21
1765138141314 0.6163 22
1765138141704 0.6444 23
1765138142062 0.6365 24
1765138142428 0.6513 25
1765138142819 0.6445 26
1765138143174 0.651 27
1765138143565 0.6433 28
1765138143964 0.61 29
1765138144320 0.6492 30
1765138144671 0.6127 31
1765138145036 0.5893 32
1765138145397 0.6131 33
1765138145751 0.6293 34
1765138146112 0.6616 35
1765138146486 0.6179 36
1765138146853 0.595 37
1765138147220 0.6201 38
1765138147595 0.6047 39
1765138148074 0.6106 40
1765138148535 0.5996 41
1765138148974 0.5709 42
1765138149442 0.5866 43
1765138149906 0.5704 44
1765138150263 0.5454 45
1765138150628 0.5848 46
1765138151004 0.5562 47
1765138151363 0.5568 48
1765138151726 0.5765 49
1765138152075 0.5765 50
1765138152429 0.6328 51
1765138152782 0.5784 52
1765138153153 0.5598 53
1765138153516 0.59 54
1765138153869 0.5519 55
1765138154233 0.5612 56
1765138154594 0.5192 57
1765138154948 0.481 58
1765138155322 0.5005 59
1765138155671 0.5119 60
1765138156021 0.5035 61
1765138156394 0.5556 62
1765138156758 0.5081 63
1765138157120 0.4734 64
1765138157485 0.5232 65
1765138157836 0.5059 66
1765138158182 0.5257 67
1765138158540 0.478 68
1765138158886 0.5141 69
1765138159243 0.4444 70
1765138159613 0.5048 71
1765138160000 0.5819 72
1765138160468 0.5899 73
1765138160933 0.4663 74
1765138161415 0.468 75
1765138161880 0.4204 76
1765138162282 0.4656 77
1765138162653 0.4498 78
1765138163005 0.4549 79
1765138163369 0.4864 80
1765138163735 0.4322 81
1765138164107 0.4159 82
1765138164470 0.484 83
1765138164832 0.4885 84
1765138165184 0.55 85
1765138165557 0.4382 86
1765138165929 0.426 87
1765138166300 0.3952 88
1765138166682 0.3857 89
1765138167066 0.3989 90
1765138167428 0.4024 91
1765138167797 0.4603 92
1765138168165 0.5255 93
1765138168522 0.4072 94
1765138168884 0.397 95
1765138169245 0.464 96
1765138169602 0.3859 97
1765138169965 0.4322 98
1765138170330 0.3496 99
1765138170705 0.4129 100
1765138171070 0.3994 101
1765138171435 0.3354 102
1765138171804 0.3386 103
1765138172210 0.3638 104
1765138172682 0.4488 105
1765138173155 0.4769 106
1765138173631 0.3285 107
1765138174177 0.3685 108
1765138174572 0.4063 109
1765138174930 0.4938 110
1765138175287 0.293 111
1765138175652 0.3583 112
1765138176022 0.2883 113
1765138176385 0.4169 114
1765138176767 0.6771 115
1765138177141 0.3236 116
1765138177516 0.5255 117
1765138177876 0.2947 118
1765138178250 0.3941 119
1765138178608 0.3501 120
1765138178973 0.2735 121
1765138179326 0.468 122
1765138179674 0.317 123
1765138180032 0.3005 124
1765138180386 0.3074 125
1765138180749 0.2545 126
1765138181097 0.288 127
1765138181462 0.2896 128
1765138181810 0.3395 129
1765138182174 0.3293 130
1765138182529 0.3424 131
1765138182880 0.3315 132
1765138183240 0.2579 133
1765138183600 0.3559 134
1765138183966 0.386 135
1765138184342 0.4823 136
1765138184813 0.4041 137
1765138185258 0.3166 138
1765138185713 0.3076 139
1765138186183 0.2858 140
1765138186653 0.31 141
1765138187007 0.3416 142
1765138187366 0.2676 143
1765138187737 0.2698 144
1765138188102 0.2028 145
1765138188474 0.2953 146
1765138188845 0.2633 147
1765138189219 0.2119 148
1765138189606 0.2677 149
1765138189954 0.4062 150
1765138190310 0.2869 151
1765138190673 0.2235 152
1765138191047 0.2526 153
1765138191411 0.2642 154
1765138191769 0.3858 155
1765138192145 0.2062 156
1765138192504 0.2827 157
1765138192868 0.18 158
1765138193233 0.4297 159
1765138193587 0.1726 160
1765138193947 0.4164 161
1765138194320 0.3257 162
1765138194694 0.2575 163
1765138195061 0.2808 164
1765138195428 0.3399 165
1765138195811 0.269 166
1765138196175 0.2141 167
1765138196558 0.2071 168
1765138197034 0.2362 169
1765138197500 0.2256 170
1765138197965 0.2922 171
1765138198466 0.2026 172
1765138198947 0.1941 173
1765138199313 0.2849 174
1765138199683 0.1466 175
1765138200050 0.2533 176
1765138200413 0.3116 177
1765138200787 0.295 178
1765138201149 0.2164 179
1765138201517 0.3959 180
1765138201872 0.2958 181
1765138202238 0.3529 182
1765138202598 0.2618 183
1765138202970 0.1842 184
1765138203342 0.2444 185
1765138203712 0.1998 186
1765138204095 0.2837 187
1765138204454 0.2893 188
1765138204840 0.1729 189
1765138205224 0.2671 190
1765138205599 0.1308 191
1765138205976 0.1635 192
1765138206339 0.2136 193
1765138206706 0.1595 194
1765138207069 0.2354 195
1765138207428 0.1654 196
1765138207803 0.31 197
1765138208191 0.2088 198
1765138208556 0.1568 199
1765138208939 0.1344 200
1765138209430 0.1776 201
1765138209897 0.2065 202
1765138210375 0.2673 203
1765138210852 0.1721 204
1765138211268 0.2828 205
1765138211637 0.1934 206
1765138211996 0.1463 207
1765138212361 0.1893 208
1765138212722 0.1656 209
1765138213099 0.1897 210
1765138213472 0.21 211
1765138213826 0.2307 212
1765138214191 0.1953 213
1765138214577 0.2994 214
1765138214943 0.1501 215
1765138215310 0.4042 216
1765138215674 0.3433 217
1765138216036 0.2235 218
1765138216404 0.1156 219
1765138216763 0.138 220
1765138217128 0.1132 221
1765138217486 0.185 222
1765138217849 0.2929 223
1765138218214 0.2248 224
1765138218600 0.3461 225
1765138218965 0.242 226
1765138219333 0.1513 227
1765138219708 0.5031 228
1765138220069 0.1614 229
1765138220431 0.349 230
1765138220809 0.3095 231
1765138221187 0.1805 232
1765138221668 0.1886 233
1765138222134 0.1391 234
1765138222588 0.2436 235
1765138223054 0.1268 236
1765138223484 0.122 237
1765138223856 0.1365 238
1765138224220 0.1606 239
1765138224576 0.1449 240
1765138224947 0.2402 241
1765138225314 0.1579 242
1765138225684 0.1887 243
1765138226050 0.2511 244
1765138226414 0.2254 245
1765138226785 0.1866 246
1765138227145 0.1399 247
1765138227514 0.2864 248
1765138227887 0.142 249
1765138228051 0.1577 250
1765138244743 0.1556 251
1765138245082 0.1568 252
1765138245423 0.2369 253
1765138245788 0.2296 254
1765138246234 0.0853 255
1765138246678 0.1536 256
1765138247105 0.162 257
1765138247560 0.1747 258
1765138247990 0.1621 259
1765138248330 0.2731 260
1765138248672 0.2129 261
1765138249021 0.0956 262
1765138249363 0.0774 263
1765138249742 0.145 264
1765138250083 0.0883 265
1765138250419 0.083 266
1765138250761 0.1475 267
1765138251104 0.0817 268
1765138251447 0.1408 269
1765138251797 0.148 270
1765138252137 0.1499 271
1765138252480 0.1996 272
1765138252822 0.5252 273
1765138253165 0.0923 274
1765138253509 0.1971 275
1765138253845 0.2054 276
1765138254185 0.1211 277
1765138254533 0.1694 278
1765138254874 0.2523 279
1765138255215 0.1811 280
1765138255555 0.1242 281
1765138255896 0.1437 282
1765138256236 0.1305 283
1765138256577 0.0978 284
1765138256920 0.1085 285
1765138257264 0.1175 286
1765138257606 0.2246 287
1765138257950 0.0689 288
1765138258419 0.1148 289
1765138258866 0.1306 290
1765138259310 0.0791 291
1765138259762 0.1241 292
1765138260232 0.0863 293
1765138260576 0.222 294
1765138260926 0.1275 295
1765138261283 0.1477 296
1765138261626 0.1496 297
1765138261968 0.1443 298
1765138262336 0.2223 299
1765138262685 0.1213 300
1765138263024 0.0972 301
1765138263384 0.075 302
1765138263730 0.1718 303
1765138264073 0.0777 304
1765138264437 0.1033 305
1765138264780 0.0864 306
1765138265135 0.2633 307
1765138265494 0.1423 308
1765138265840 0.2066 309
1765138266224 0.1283 310
1765138266569 0.0735 311
1765138266921 0.1446 312
1765138267279 0.199 313
1765138267620 0.2385 314
1765138267961 0.2867 315
1765138268304 0.223 316
1765138268652 0.1175 317
1765138268993 0.0939 318
1765138269343 0.0777 319
1765138269691 0.1262 320
1765138270034 0.0968 321
1765138270488 0.1774 322
1765138270929 0.0682 323
1765138271374 0.0758 324
1765138271839 0.0697 325
1765138272301 0.1381 326
1765138272686 0.1396 327
1765138273026 0.4944 328
1765138273370 0.0553 329
1765138273732 0.1166 330
1765138274073 0.1284 331
1765138274422 0.064 332
1765138274782 0.0923 333
1765138275125 0.1044 334
1765138275473 0.0974 335
1765138275829 0.1328 336
1765138276171 0.1799 337
1765138276518 0.2485 338
1765138276875 0.0748 339
1765138277217 0.4795 340
1765138277562 0.1016 341
1765138277919 0.1178 342
1765138278263 0.1437 343
1765138278603 0.0714 344
1765138278966 0.0874 345
1765138279309 0.6548 346
1765138279657 0.1199 347
1765138280016 0.109 348
1765138280360 0.0553 349
1765138280723 0.0838 350
1765138281086 0.0566 351
1765138281450 0.1481 352
1765138281797 0.0706 353
1765138282152 0.136 354
1765138282505 0.1752 355
1765138282945 0.0646 356
1765138283392 0.1231 357
1765138283820 0.2426 358
1765138284283 0.3108 359
1765138284743 0.0421 360
1765138285086 0.0883 361
1765138285435 0.1413 362
1765138285776 0.1444 363
1765138286121 0.4803 364
1765138286470 0.0703 365
1765138286814 0.5536 366
1765138287158 0.1792 367
1765138287508 0.0955 368
1765138287853 0.1319 369
1765138288203 0.1686 370
1765138288549 0.3201 371
1765138288891 0.0466 372
1765138289235 0.0863 373
1765138289574 0.0714 374
1765138289920 0.31 375
1765138290265 0.1244 376
1765138290603 0.2279 377
1765138290959 0.2182 378
1765138291303 0.139 379
1765138291654 0.1419 380
1765138292002 0.0529 381
1765138292362 0.1623 382
1765138292711 0.054 383
1765138293050 0.0569 384
1765138293410 0.1406 385
1765138293753 0.1763 386
1765138294097 0.0974 387
1765138294467 0.2213 388
1765138294853 0.2901 389
1765138295314 0.1025 390
1765138295760 0.0377 391
1765138296195 0.1107 392
1765138296680 0.514 393
1765138297138 0.0664 394
1765138297486 0.0823 395
1765138297831 0.0827 396
1765138298172 0.1651 397
1765138298520 0.1796 398
1765138298864 0.2356 399
1765138299208 0.0591 400
1765138299556 0.1087 401
1765138299896 0.5654 402
1765138300239 0.1596 403
1765138300587 0.1666 404
1765138300932 0.0752 405
1765138301277 0.0783 406
1765138301624 0.304 407
1765138301975 0.102 408
1765138302328 0.2822 409
1765138302678 0.0767 410
1765138303023 0.1828 411
1765138303363 0.1544 412
1765138303710 0.3856 413
1765138304055 0.1918 414
1765138304403 0.2403 415
1765138304746 0.0511 416
1765138305096 0.7385 417
1765138305445 0.2271 418
1765138305789 0.2559 419
1765138306137 0.0887 420
1765138306485 0.054 421
1765138306827 0.0976 422
1765138307236 0.1507 423
1765138307679 0.1072 424
1765138308135 0.245 425
1765138308570 0.1481 426
1765138309031 0.2411 427
1765138309424 0.0421 428
1765138309775 0.0695 429
1765138310137 0.2089 430
1765138310486 0.1027 431
1765138310833 0.2846 432
1765138311197 0.198 433
1765138311546 0.122 434
1765138311892 0.1137 435
1765138312254 0.0987 436
1765138312605 0.0947 437
1765138312953 0.0993 438
1765138313313 0.0357 439
1765138313663 0.1326 440
1765138314011 0.1956 441
1765138314361 0.2658 442
1765138314710 0.0769 443
1765138315058 0.1163 444
1765138315413 0.0658 445
1765138315761 0.2973 446
1765138316109 0.408 447
1765138316460 0.0549 448
1765138316808 0.1172 449
1765138317158 0.3505 450
1765138317509 0.0766 451
1765138317860 0.3031 452
1765138318209 0.0836 453
1765138318570 0.0919 454
1765138318918 0.4899 455
1765138319268 0.0868 456
1765138319719 0.1046 457
1765138320166 0.0394 458
1765138320625 0.0489 459
1765138321090 0.1159 460
1765138321562 0.2583 461
1765138321913 0.0593 462
1765138322261 0.171 463
1765138322627 0.0612 464
1765138322974 0.07 465
1765138323318 0.5077 466
1765138323684 0.0956 467
1765138324037 0.3516 468
1765138324386 0.074 469
1765138324746 0.1767 470
1765138325093 0.0329 471
1765138325446 0.0383 472
1765138325793 0.0969 473
1765138326141 0.0811 474
1765138326496 0.1423 475
1765138326849 0.0425 476
1765138327196 0.1295 477
1765138327592 0.1805 478
1765138327944 0.0795 479
1765138328295 0.0937 480
1765138328679 0.1865 481
1765138329038 0.5398 482
1765138329386 0.1368 483
1765138329757 0.0618 484
1765138330107 0.0507 485
1765138330458 0.034 486
1765138330822 0.1395 487
1765138331171 0.2213 488
1765138331527 0.1626 489
1765138331990 0.1369 490
1765138332450 0.273 491
1765138332899 0.1391 492
1765138333349 0.0306 493
1765138333815 0.1279 494
1765138334162 0.0377 495
1765138334511 0.0686 496
1765138334857 0.4295 497
1765138335203 0.0798 498
1765138335554 0.0666 499
1765138335730 0.2365 500
1765138352135 0.0702 501
1765138352480 0.0296 502
1765138352823 0.0605 503
1765138353190 0.0838 504
1765138353535 0.2511 505
1765138353886 0.0884 506
1765138354231 0.1691 507
1765138354574 0.0425 508
1765138354920 0.0771 509
1765138355268 0.5286 510
1765138355611 0.0713 511
1765138355955 0.0314 512
1765138356414 0.0412 513
1765138356881 0.0445 514
1765138357320 0.0612 515
1765138357778 0.0372 516
1765138358280 0.1199 517
1765138358634 0.1935 518
1765138358991 0.1201 519
1765138359333 0.0649 520
1765138359681 0.1284 521
1765138360044 0.0569 522
1765138360391 0.1723 523
1765138360738 0.0516 524
1765138361094 0.0329 525
1765138361445 0.0768 526
1765138361794 0.0882 527
1765138362153 0.157 528
1765138362505 0.0984 529
1765138362856 0.0653 530
1765138363212 0.0486 531
1765138363562 0.0205 532
1765138363921 0.1117 533
1765138364264 0.0688 534
1765138364609 0.2011 535
1765138364957 0.0424 536
1765138365303 0.0564 537
1765138365656 0.054 538
1765138366002 0.0584 539
1765138366349 0.0451 540
1765138366701 0.4569 541
1765138367057 0.2323 542
1765138367404 0.0822 543
1765138367754 0.0227 544
1765138368106 0.1139 545
1765138368498 0.087 546
1765138368947 0.0357 547
1765138369410 0.0877 548
1765138369846 0.0457 549
1765138370315 0.021 550
1765138370728 0.075 551
1765138371077 0.0387 552
1765138371447 0.0283 553
1765138371803 0.1502 554
1765138372150 0.0387 555
1765138372516 0.0287 556
1765138372869 0.1125 557
1765138373222 0.0356 558
1765138373586 0.0763 559
1765138373934 0.2484 560
1765138374287 0.2612 561
1765138374653 0.1548 562
1765138375003 0.074 563
1765138375347 0.1396 564
1765138375701 0.0384 565
1765138376052 0.1667 566
1765138376397 0.0444 567
1765138376751 0.159 568
1765138377097 0.121 569
1765138377444 0.2571 570
1765138377795 0.0498 571
1765138378147 0.0362 572
1765138378498 0.0701 573
1765138378846 0.028 574
1765138379193 0.1273 575
1765138379548 0.3968 576
1765138379899 0.0899 577
1765138380248 0.0241 578
1765138380598 0.0398 579
1765138381050 0.0739 580
1765138381497 0.0155 581
1765138381940 0.0174 582
1765138382391 0.2536 583
1765138382882 0.159 584
1765138383227 0.0937 585
1765138383572 0.0726 586
1765138383941 0.0232 587
1765138384288 0.1554 588
1765138384639 0.1403 589
1765138385012 0.4241 590
1765138385360 0.137 591
1765138385712 0.0563 592
1765138386065 0.2011 593
1765138386415 0.0246 594
1765138386768 0.0571 595
1765138387116 0.2223 596
1765138387467 0.0189 597
1765138387816 0.2419 598
1765138388166 0.029 599
1765138388546 0.1158 600
1765138388896 0.0251 601
1765138389243 0.0731 602
1765138389589 0.0445 603
1765138389936 0.0625 604
1765138390284 0.0744 605
1765138390647 0.0714 606
1765138390996 0.8451 607
1765138391340 0.0241 608
1765138391694 0.1647 609
1765138392043 0.0979 610
1765138392388 0.0827 611
1765138392745 0.0175 612
1765138393216 0.0219 613
1765138393661 0.1775 614
1765138394094 0.0379 615
1765138394568 0.025 616
1765138395044 0.2297 617
1765138395409 0.0698 618
1765138395758 0.596 619
1765138396109 0.0587 620
1765138396454 0.1068 621
1765138396799 0.0572 622
1765138397147 0.134 623
1765138397496 0.125 624
1765138397841 0.2339 625
1765138398187 0.2798 626
1765138398535 0.429 627
1765138398880 0.4732 628
1765138399232 0.2936 629
1765138399574 0.0351 630
1765138399922 0.0485 631
1765138400266 0.0566 632
1765138400612 0.0839 633
1765138400957 0.0449 634
1765138401309 0.0356 635
1765138401659 0.1835 636
1765138402003 0.0961 637
1765138402346 0.0168 638
1765138402695 0.0177 639
1765138403040 0.0568 640
1765138403386 0.0616 641
1765138403738 0.1543 642
1765138404087 0.032 643
1765138404436 0.0504 644
1765138404801 0.0272 645
1765138405153 0.0649 646
1765138405627 0.1135 647
1765138406077 0.0261 648
1765138406511 0.0531 649
1765138406965 0.0464 650
1765138407399 0.0401 651
1765138407760 0.0201 652
1765138408110 0.0892 653
1765138408461 0.0179 654
1765138408823 0.0167 655
1765138409169 0.029 656
1765138409516 0.4304 657
1765138409870 0.1292 658
1765138410216 0.1021 659
1765138410568 0.0137 660
1765138410914 0.0276 661
1765138411269 0.0157 662
1765138411616 0.1037 663
1765138411960 0.0455 664
1765138412306 0.0256 665
1765138412658 0.0159 666
1765138413005 0.0153 667
1765138413352 0.2251 668
1765138413700 0.3442 669
1765138414052 0.0411 670
1765138414399 0.0277 671
1765138414753 0.0934 672
1765138415122 0.1249 673
1765138415471 0.0179 674
1765138415818 0.025 675
1765138416169 0.0176 676
1765138416517 0.0377 677
1765138416865 0.046 678
1765138417226 0.1444 679
1765138417689 0.3839 680
1765138418150 0.0267 681
1765138418579 0.1654 682
1765138419041 0.2052 683
1765138419535 0.0269 684
1765138419881 0.119 685
1765138420245 0.2135 686
1765138420590 0.3803 687
1765138420940 0.0628 688
1765138421301 0.073 689
1765138421644 0.158 690
1765138421988 0.2314 691
1765138422348 0.1484 692
1765138422699 0.3058 693
1765138423052 0.0352 694
1765138423396 0.2733 695
1765138423746 0.0616 696
1765138424094 0.1175 697
1765138424442 0.1547 698
1765138424789 0.0396 699
1765138425142 0.0781 700
1765138425494 0.0299 701
1765138425847 0.0317 702
1765138426199 0.0258 703
1765138426543 0.3093 704
1765138426889 0.0691 705
1765138427236 0.0444 706
1765138427583 0.0172 707
1765138427933 0.0528 708
1765138428282 0.0839 709
1765138428631 0.0311 710
1765138428980 0.1039 711
1765138429328 0.2716 712
1765138429681 0.0523 713
1765138430123 0.067 714
1765138430572 0.1045 715
1765138431002 0.0188 716
1765138431451 0.0795 717
1765138431913 0.0163 718
1765138432260 0.0158 719
1765138432620 0.0247 720
1765138432969 0.2031 721
1765138433317 0.1418 722
1765138433680 0.0572 723
1765138434025 0.2633 724
1765138434370 0.0622 725
1765138434735 0.1749 726
1765138435087 0.1036 727
1765138435441 0.0127 728
1765138435808 0.1573 729
1765138436157 0.5721 730
1765138436509 0.0199 731
1765138436885 0.0113 732
1765138437238 0.2711 733
1765138437590 0.0317 734
1765138437943 0.1833 735
1765138438297 0.1284 736
1765138438643 0.026 737
1765138438992 0.0173 738
1765138439342 0.0366 739
1765138439693 0.0164 740
1765138440045 0.2004 741
1765138440395 0.0248 742
1765138440750 0.0923 743
1765138441101 0.0637 744
1765138441456 0.0884 745
1765138441813 0.0337 746
1765138442274 0.0277 747
1765138442726 0.0154 748
1765138443173 0.1262 749
1765138443351 0.232 750
1765138460226 0.0637 751
1765138460573 0.0411 752
1765138460925 0.0244 753
1765138461276 0.0174 754
1765138461632 0.0336 755
1765138461980 0.0273 756
1765138462349 0.7289 757
1765138462713 0.0407 758
1765138463062 0.0553 759
1765138463419 0.2833 760
1765138463790 0.0147 761
1765138464135 0.0329 762
1765138464486 0.2362 763
1765138464846 0.0123 764
1765138465204 0.0227 765
1765138465549 0.0229 766
1765138465909 0.0386 767
1765138466264 0.0283 768
1765138466720 0.089 769
1765138467170 0.1032 770
1765138467602 0.009 771
1765138468071 0.0251 772
1765138468532 0.0142 773
1765138468888 0.1424 774
1765138469234 0.0356 775
1765138469580 0.3308 776
1765138469931 0.0424 777
1765138470287 0.0218 778
1765138470632 0.2188 779
1765138470980 0.0333 780
1765138471333 0.583 781
1765138471681 0.0376 782
1765138472029 0.0687 783
1765138472382 0.0103 784
1765138472734 0.138 785
1765138473097 0.0223 786
1765138473450 0.0118 787
1765138473796 0.0571 788
1765138474160 0.0214 789
1765138474512 0.0173 790
1765138474866 0.0588 791
1765138475233 0.0174 792
1765138475581 0.0136 793
1765138475927 0.0569 794
1765138476286 0.0266 795
1765138476636 0.008 796
1765138476987 0.0233 797
1765138477361 0.0131 798
1765138477711 0.0107 799
1765138478058 0.0122 800
1765138478421 0.0219 801
1765138478869 0.0345 802
1765138479319 0.0172 803
1765138479756 0.0549 804
1765138480218 0.448 805
1765138480717 0.0264 806
1765138481078 0.107 807
1765138481423 0.0211 808
1765138481774 0.0152 809
1765138482127 0.0185 810
1765138482487 0.2178 811
1765138482835 0.01 812
1765138483187 0.0465 813
1765138483553 0.0121 814
1765138483899 0.0097 815
1765138484249 0.0396 816
1765138484611 0.2656 817
1765138484961 0.0455 818
1765138485308 0.0161 819
1765138485675 0.0446 820
1765138486027 0.0094 821
1765138486372 0.3509 822
1765138486736 0.0189 823
1765138487090 0.0158 824
1765138487439 0.0541 825
1765138487807 0.0139 826
1765138488156 0.0284 827
1765138488496 0.4717 828
1765138488857 0.032 829
1765138489207 0.008 830
1765138489563 0.0108 831
1765138489919 0.01 832
1765138490275 0.0145 833
1765138490632 0.0093 834
1765138491036 0.0325 835
1765138491481 0.0953 836
1765138491933 0.0226 837
1765138492367 0.0079 838
1765138492825 0.3272 839
1765138493234 0.0143 840
1765138493583 0.0367 841
1765138493950 0.0311 842
1765138494296 0.0083 843
1765138494656 0.0242 844
1765138495021 0.075 845
1765138495368 0.3758 846
1765138495718 0.013 847
1765138496087 0.009 848
1765138496438 0.0085 849
1765138496788 0.0412 850
1765138497154 0.0086 851
1765138497506 0.0104 852
1765138497853 0.206 853
1765138498217 0.0487 854
1765138498571 0.027 855
1765138498919 0.3989 856
1765138499268 0.0473 857
1765138499616 0.167 858
1765138499965 0.0782 859
1765138500312 0.065 860
1765138500666 0.0092 861
1765138501017 0.1201 862
1765138501369 0.014 863
1765138501716 0.0119 864
1765138502061 0.1845 865
1765138502415 0.0708 866
1765138502763 0.4245 867
1765138503115 0.0169 868
1765138503571 0.0319 869
1765138504026 0.0775 870
1765138504476 0.0243 871
1765138504929 0.2837 872
1765138505408 0.0464 873
1765138505756 0.1332 874
1765138506106 0.1268 875
1765138506467 0.0141 876
1765138506816 0.0239 877
1765138507175 0.0093 878
1765138507530 0.0147 879
1765138507877 0.0286 880
1765138508229 0.0244 881
1765138508580 0.0174 882
1765138508923 0.0572 883
1765138509274 0.0088 884
1765138509622 0.0103 885
1765138509970 0.0066 886
1765138510314 0.0187 887
1765138510670 0.1416 888
1765138511015 0.0079 889
1765138511361 0.0136 890
1765138511709 0.0065 891
1765138512049 0.3929 892
1765138512396 0.0135 893
1765138512747 0.0913 894
1765138513093 0.3523 895
1765138513440 0.0118 896
1765138513788 0.0668 897
1765138514135 0.0465 898
1765138514484 0.014 899
1765138514825 0.0279 900
1765138515170 0.0081 901
1765138515630 0.3683 902
1765138516075 0.007 903
1765138516511 0.0165 904
1765138516969 0.1207 905
1765138517430 0.0077 906
1765138517794 0.0081 907
1765138518135 0.012 908
1765138518481 0.0164 909
1765138518846 0.0765 910
1765138519193 0.0082 911
1765138519540 0.0592 912
1765138519899 0.0098 913
1765138520244 0.1223 914
1765138520588 0.0669 915
1765138520953 0.0065 916
1765138521301 0.075 917
1765138521645 0.0073 918
1765138522005 0.1243 919
1765138522349 0.007 920
1765138522697 0.0779 921
1765138523057 0.009 922
1765138523397 0.0273 923
1765138523744 0.3194 924
1765138524107 0.0489 925
1765138524454 0.0214 926
1765138524801 0.3114 927
1765138525162 0.0349 928
1765138525509 0.007 929
1765138525857 0.0149 930
1765138526205 0.0068 931
1765138526550 0.0081 932
1765138526898 0.0066 933
1765138527243 0.0286 934
1765138527649 0.0253 935
1765138528109 0.0232 936
1765138528551 0.2321 937
1765138528987 0.0282 938
1765138529462 0.1452 939
1765138529865 0.2916 940
1765138530212 0.461 941
1765138530558 0.111 942
1765138530906 0.379 943
1765138531250 0.358 944
1765138531611 0.1315 945
1765138531957 0.0069 946
1765138532309 0.0105 947
1765138532657 0.0299 948
1765138533006 0.0479 949
1765138533372 0.0337 950
1765138533733 0.0087 951
1765138534082 0.1488 952
1765138534444 0.0164 953
1765138534793 0.0464 954
1765138535147 0.0228 955
1765138535512 0.0124 956
1765138535864 0.0228 957
1765138536213 0.047 958
1765138536576 0.0478 959
1765138536926 0.0209 960
1765138537280 0.0074 961
1765138537643 0.2457 962
1765138537989 0.3616 963
1765138538338 0.5077 964
1765138538697 0.0463 965
1765138539045 0.0089 966
1765138539397 0.1123 967
1765138539752 0.0242 968
1765138540191 0.3601 969
1765138540651 0.006 970
1765138541083 0.0093 971
1765138541539 0.0825 972
1765138542044 0.0075 973
1765138542401 0.0108 974
1765138542777 0.0248 975
1765138543127 0.0068 976
1765138543475 0.034 977
1765138543837 0.0126 978
1765138544197 0.1212 979
1765138544563 0.2627 980
1765138544936 0.2364 981
1765138545283 0.022 982
1765138545626 0.1253 983
1765138545983 0.0087 984
1765138546326 1.1788 985
1765138546679 0.22 986
1765138547037 0.011 987
1765138547384 0.0065 988
1765138547738 0.0133 989
1765138548084 0.197 990
1765138548434 0.0597 991
1765138548785 0.0084 992
1765138549131 0.1448 993
1765138549482 0.0057 994
1765138549831 0.5592 995
1765138550185 0.0151 996
1765138550533 0.0157 997
1765138550882 0.0082 998
1765138551229 0.0075 999
1765138551401 0.051 1000
1765138568680 0.0164 1001
1765138569027 0.0063 1002
1765138569377 0.0219 1003
1765138569727 0.0279 1004
1765138570072 0.0082 1005
1765138570428 0.0074 1006
1765138570792 0.0094 1007
1765138571136 0.0046 1008
1765138571484 0.0283 1009
1765138571841 0.0063 1010
1765138572189 0.0626 1011
1765138572580 0.0293 1012
1765138572942 0.0374 1013
1765138573311 0.0075 1014
1765138573658 0.2373 1015
1765138574017 0.1519 1016
1765138574361 0.0245 1017
1765138574709 0.0314 1018
1765138575068 0.0274 1019
1765138575418 0.08 1020
1765138575763 0.0101 1021
1765138576120 0.0039 1022
1765138576468 0.0071 1023
1765138576906 0.0143 1024
1765138577352 0.0344 1025
1765138577786 0.0451 1026
1765138578249 0.0109 1027
1765138578733 0.0284 1028
1765138579100 0.0057 1029
1765138579449 0.378 1030
1765138579795 0.0082 1031
1765138580150 0.2281 1032
1765138580505 0.0921 1033
1765138580851 0.005 1034
1765138581212 0.008 1035
1765138581568 0.0076 1036
1765138581913 0.1197 1037
1765138582273 0.0051 1038
1765138582618 0.0046 1039
1765138582964 0.0114 1040
1765138583326 0.0193 1041
1765138583674 0.0046 1042
1765138584029 0.0115 1043
1765138584392 0.0146 1044
1765138584740 0.0074 1045
1765138585088 0.0057 1046
1765138585456 0.0101 1047
1765138585803 0.0041 1048
1765138586147 0.0644 1049
1765138586509 0.4465 1050
1765138586867 0.0056 1051
1765138587218 0.0764 1052
1765138587568 0.083 1053
1765138587914 0.0101 1054
1765138588266 0.0126 1055
1765138588615 0.0342 1056
1765138588970 0.0053 1057
1765138589414 0.0309 1058
1765138589871 0.0127 1059
1765138590308 0.0144 1060
1765138590778 0.057 1061
1765138591218 0.1957 1062
1765138591565 0.0935 1063
1765138591909 0.0048 1064
1765138592257 0.0049 1065
1765138592603 0.0048 1066
1765138592954 0.0076 1067
1765138593306 0.0099 1068
1765138593679 0.0147 1069
1765138594033 0.0093 1070
1765138594404 0.007 1071
1765138594773 0.3059 1072
1765138595128 0.0633 1073
1765138595494 0.2065 1074
1765138595857 0.0118 1075
1765138596210 0.0779 1076
1765138596562 0.0095 1077
1765138596919 0.1073 1078
1765138597274 0.3494 1079
1765138597625 0.0622 1080
1765138597983 0.0062 1081
1765138598334 0.0448 1082
1765138598689 0.1451 1083
1765138599035 0.0087 1084
1765138599391 0.0728 1085
1765138599744 0.283 1086
1765138600098 0.0052 1087
1765138600456 0.0426 1088
1765138600805 0.0115 1089
1765138601159 0.0055 1090
1765138601606 0.0746 1091
1765138602067 0.0311 1092
1765138602502 0.0058 1093
1765138602956 0.0043 1094
1765138603426 0.0064 1095
1765138603794 0.2909 1096
1765138604168 0.0128 1097
1765138604525 0.067 1098
1765138604876 0.0054 1099
1765138605239 0.0063 1100
1765138605589 0.3578 1101
1765138605941 0.013 1102
1765138606290 0.0056 1103
1765138606638 0.1614 1104
1765138606990 0.0515 1105
1765138607337 0.0078 1106
1765138607690 0.0057 1107
1765138608033 0.0054 1108
1765138608380 0.0102 1109
1765138608733 0.4554 1110
1765138609078 0.2335 1111
1765138609431 0.0062 1112
1765138609780 0.0609 1113
1765138610129 0.0057 1114
1765138610483 0.0796 1115
1765138610830 0.0965 1116
1765138611184 0.0051 1117
1765138611533 0.0124 1118
1765138611888 0.2453 1119
1765138612239 0.1119 1120
1765138612589 0.0349 1121
1765138612937 0.0041 1122
1765138613289 0.0114 1123
1765138613746 0.0208 1124
1765138614211 0.0188 1125
1765138614653 0.015 1126
1765138615108 0.004 1127
1765138615581 0.0039 1128
1765138615927 0.0699 1129
1765138616279 0.019 1130
1765138616626 0.0072 1131
1765138616972 0.1504 1132
1765138617328 0.0057 1133
1765138617680 0.0168 1134
1765138618030 0.0322 1135
1765138618376 0.0128 1136
1765138618727 0.1598 1137
1765138619072 0.022 1138
1765138619423 0.0442 1139
1765138619770 0.0108 1140
1765138620115 0.1729 1141
1765138620463 0.1135 1142
1765138620809 0.0401 1143
1765138621155 0.0479 1144
1765138621506 0.0111 1145
1765138621852 0.0074 1146
1765138622204 0.0066 1147
1765138622557 0.0108 1148
1765138622903 0.005 1149
1765138623252 0.0103 1150
1765138623605 0.0086 1151
1765138623957 0.0569 1152
1765138624306 0.0304 1153
1765138624690 0.0346 1154
1765138625054 0.0046 1155
1765138625453 0.0231 1156
1765138625933 0.039 1157
1765138626377 0.006 1158
1765138626808 0.0141 1159
1765138627263 0.0075 1160
1765138627731 0.0149 1161
1765138628093 0.1817 1162
1765138628446 0.0053 1163
1765138628794 0.0135 1164
1765138629139 0.0041 1165
1765138629488 0.0752 1166
1765138629833 0.0107 1167
1765138630181 0.0058 1168
1765138630537 0.057 1169
1765138630883 0.0067 1170
1765138631231 0.2445 1171
1765138631577 0.0068 1172
1765138631922 0.0046 1173
1765138632268 0.0053 1174
1765138632611 0.0055 1175
1765138632957 0.0066 1176
1765138633335 0.0036 1177
1765138633684 0.0956 1178
1765138634025 0.0062 1179
1765138634371 0.0256 1180
1765138634719 0.0051 1181
1765138635065 0.0051 1182
1765138635419 0.0082 1183
1765138635773 0.0456 1184
1765138636115 0.0036 1185
1765138636463 0.0115 1186
1765138636814 0.0097 1187
1765138637184 0.0266 1188
1765138637536 0.2387 1189
1765138637887 0.3854 1190
1765138638349 0.0068 1191
1765138638801 0.0042 1192
1765138639229 0.0087 1193
1765138639681 0.0046 1194
1765138640147 0.0274 1195
1765138640511 0.0051 1196
1765138640857 0.008 1197
1765138641208 0.005 1198
1765138641567 0.0041 1199
1765138641922 0.0046 1200
1765138642269 0.0255 1201
1765138642617 0.004 1202
1765138642962 0.0136 1203
1765138643308 0.0207 1204
1765138643660 0.1186 1205
1765138644006 0.0472 1206
1765138644352 0.0058 1207
1765138644706 0.3626 1208
1765138645052 0.0034 1209
1765138645409 0.0099 1210
1765138645781 0.0077 1211
1765138646137 0.0343 1212
1765138646487 0.0747 1213
1765138646843 0.0231 1214
1765138647187 0.0553 1215
1765138647536 0.0544 1216
1765138647883 0.0163 1217
1765138648243 0.0041 1218
1765138648589 0.0051 1219
1765138648937 0.0035 1220
1765138649285 0.0042 1221
1765138649640 0.542 1222
1765138649993 0.2885 1223
1765138650467 0.0052 1224
1765138650930 0.0452 1225
1765138651358 0.0062 1226
1765138651832 0.0114 1227
1765138652292 0.0045 1228
1765138652647 0.0033 1229
1765138652993 0.014 1230
1765138653337 0.0042 1231
1765138653690 0.0172 1232
1765138654038 0.0042 1233
1765138654384 0.0216 1234
1765138654736 0.0771 1235
1765138655080 0.0132 1236
1765138655469 0.0126 1237
1765138655819 0.0028 1238
1765138656168 0.0362 1239
1765138656530 0.0235 1240
1765138656889 0.0925 1241
1765138657240 0.0039 1242
1765138657588 0.1639 1243
1765138657932 0.004 1244
1765138658281 0.108 1245
1765138658631 0.0036 1246
1765138658981 0.1081 1247
1765138659324 0.0042 1248
1765138659680 0.0052 1249
1765138659856 0.0137 1250
1765138677184 0.033 1251
1765138677533 0.084 1252
1765138677896 0.0065 1253
1765138678240 0.0041 1254
1765138678584 0.0071 1255
1765138678943 0.0193 1256
1765138679290 0.0129 1257
1765138679636 0.0047 1258
1765138679996 0.0067 1259
1765138680339 0.0435 1260
1765138680696 0.1191 1261
1765138681043 0.0045 1262
1765138681388 0.0129 1263
1765138681738 0.2634 1264
1765138682084 0.0067 1265
1765138682435 0.0028 1266
1765138682784 0.2827 1267
1765138683131 0.0038 1268
1765138683485 0.3458 1269
1765138683830 0.0116 1270
1765138684179 0.0375 1271
1765138684528 0.236 1272
1765138684873 0.0062 1273
1765138685231 0.0051 1274
1765138685580 0.0357 1275
1765138685929 0.0093 1276
1765138686278 0.0044 1277
1765138686630 0.1758 1278
1765138687003 0.0155 1279
1765138687474 0.1318 1280
1765138687927 0.007 1281
1765138688363 0.0053 1282
1765138688818 0.0104 1283
1765138689289 0.4251 1284
1765138689634 0.0299 1285
1765138689981 0.0054 1286
1765138690340 0.0042 1287
1765138690691 0.0075 1288
1765138691037 0.0077 1289
1765138691396 0.0031 1290
1765138691746 0.0049 1291
1765138692097 0.0031 1292
1765138692451 0.0041 1293
1765138692799 0.0044 1294
1765138693148 0.0102 1295
1765138693498 0.0224 1296
1765138693847 0.0263 1297
1765138694194 0.0214 1298
1765138694545 0.004 1299
1765138694890 0.0035 1300
1765138695240 0.0042 1301
1765138695588 0.0031 1302
1765138695934 0.0103 1303
1765138696281 0.0254 1304
1765138696629 0.0038 1305
1765138696980 0.0107 1306
1765138697329 0.0061 1307
1765138697700 0.004 1308
1765138698047 0.5156 1309
1765138698392 0.2208 1310
1765138698744 0.0064 1311
1765138699114 0.0076 1312
1765138699568 0.1617 1313
1765138700016 0.0255 1314
1765138700452 0.0046 1315
1765138700907 0.0196 1316
1765138701372 0.0177 1317
1765138701744 0.0036 1318
1765138702094 0.1832 1319
1765138702451 0.011 1320
1765138702814 0.0026 1321
1765138703163 0.063 1322
1765138703515 0.0037 1323
1765138703872 0.0037 1324
1765138704224 0.0037 1325
1765138704574 0.0058 1326
1765138704922 0.0053 1327
1765138705272 0.003 1328
1765138705624 0.0027 1329
1765138705976 0.0031 1330
1765138706314 0.003 1331
1765138706674 0.0033 1332
1765138707042 0.0137 1333
1765138707394 0.0032 1334
1765138707758 0.0508 1335
1765138708104 0.0035 1336
1765138708456 0.0062 1337
1765138708806 0.0097 1338
1765138709155 0.0083 1339
1765138709508 0.0062 1340
1765138709855 0.0029 1341
1765138710204 0.0073 1342
1765138710558 0.0372 1343
1765138710915 0.0027 1344
1765138711260 0.0067 1345
1765138711669 0.0027 1346
1765138712123 0.0122 1347
1765138712570 0.0035 1348
1765138713014 0.0037 1349
1765138713473 0.0035 1350
1765138713876 0.0035 1351
1765138714241 0.2953 1352
1765138714587 0.0031 1353
1765138714938 0.0064 1354
1765138715298 0.0092 1355
1765138715652 0.2438 1356
1765138716003 0.0034 1357
1765138716355 0.2061 1358
1765138716712 0.0047 1359
1765138717063 0.0094 1360
1765138717439 0.0037 1361
1765138717801 0.0056 1362
1765138718150 0.0038 1363
1765138718501 0.2071 1364
1765138718848 0.0021 1365
1765138719195 0.0068 1366
1765138719547 0.0078 1367
1765138719896 0.0127 1368
1765138720247 0.0066 1369
1765138720591 0.0036 1370
1765138720935 0.317 1371
1765138721280 0.0176 1372
1765138721629 0.0029 1373
1765138721978 0.0021 1374
1765138722322 0.0057 1375
1765138722672 0.0057 1376
1765138723026 0.011 1377
1765138723381 0.0267 1378
1765138723737 0.0034 1379
1765138724182 0.0054 1380
1765138724654 0.0035 1381
1765138725085 0.0042 1382
1765138725557 0.5094 1383
1765138726025 0.0029 1384
1765138726368 0.0743 1385
1765138726732 0.0067 1386
1765138727082 0.0243 1387
1765138727434 0.0036 1388
1765138727814 0.0076 1389
1765138728160 0.0191 1390
1765138728519 0.0026 1391
1765138728867 0.0039 1392
1765138729216 0.0029 1393
1765138729564 0.0028 1394
1765138729909 0.0162 1395
1765138730257 0.0435 1396
1765138730602 0.2236 1397
1765138730949 0.0029 1398
1765138731294 0.0051 1399
1765138731642 0.0034 1400
1765138731989 0.0096 1401
1765138732333 0.1275 1402
1765138732682 0.0027 1403
1765138733027 0.0071 1404
1765138733371 0.0049 1405
1765138733722 0.0047 1406
1765138734069 0.1781 1407
1765138734418 0.0231 1408
1765138734766 0.066 1409
1765138735113 0.0031 1410
1765138735463 0.0057 1411
1765138735813 0.0064 1412
1765138736244 0.1446 1413
1765138736689 0.0064 1414
1765138737139 0.3433 1415
1765138737580 0.003 1416
1765138738072 0.0056 1417
1765138738456 0.0037 1418
1765138738805 0.0198 1419
1765138739164 0.0058 1420
1765138739511 0.0025 1421
1765138739859 0.0027 1422
1765138740226 0.3441 1423
1765138740584 0.2219 1424
1765138740940 0.0232 1425
1765138741290 0.0118 1426
1765138741632 0.2898 1427
1765138741980 0.0144 1428
1765138742323 0.0116 1429
1765138742673 0.0028 1430
1765138743017 0.003 1431
1765138743361 0.2605 1432
1765138743715 0.337 1433
1765138744061 0.0659 1434
1765138744413 0.0048 1435
1765138744760 0.0335 1436
1765138745104 0.0034 1437
1765138745458 0.1108 1438
1765138745823 0.0303 1439
1765138746171 0.0061 1440
1765138746520 0.0027 1441
1765138746871 0.2587 1442
1765138747218 0.0565 1443
1765138747563 0.0028 1444
1765138747917 0.0028 1445
1765138748273 0.0049 1446
1765138748730 0.0025 1447
1765138749190 0.0034 1448
1765138749635 0.0028 1449
1765138750093 0.0023 1450
1765138750571 0.0165 1451
1765138750919 0.0111 1452
1765138751267 0.0018 1453
1765138751628 0.0018 1454
1765138751980 0.0054 1455
1765138752324 0.061 1456
1765138752689 0.1663 1457
1765138753037 0.0429 1458
1765138753383 0.0026 1459
1765138753749 0.0019 1460
1765138754094 0.0748 1461
1765138754443 1.0769 1462
1765138754801 0.0051 1463
1765138755151 0.0028 1464
1765138755507 0.0232 1465
1765138755880 0.0116 1466
1765138756224 0.0109 1467
1765138756578 0.0093 1468
1765138756928 0.0092 1469
1765138757277 0.9033 1470
1765138757625 0.1411 1471
1765138757975 0.0031 1472
1765138758320 0.0123 1473
1765138758690 0.0053 1474
1765138759039 0.0025 1475
1765138759388 0.0026 1476
1765138759735 0.0029 1477
1765138760085 0.003 1478
1765138760456 0.002 1479
1765138760932 0.0278 1480
1765138761394 0.0276 1481
1765138761831 0.0318 1482
1765138762291 0.0026 1483
1765138762756 0.0067 1484
1765138763116 0.0026 1485
1765138763466 0.0042 1486
1765138763817 0.0078 1487
1765138764180 0.0024 1488
1765138764528 0.0034 1489
1765138764876 0.0025 1490
1765138765234 0.0038 1491
1765138765581 0.042 1492
1765138765932 0.0143 1493
1765138766287 0.047 1494
1765138766632 0.0443 1495
1765138766987 0.0118 1496
1765138767332 0.0464 1497
1765138767679 0.0198 1498
1765138768035 0.0027 1499
1765138768209 0.0022 1500
1765138784878 0.0057 1501
1765138785322 0.0066 1502
1765138785764 0.0023 1503
1765138786201 0.0077 1504
1765138786683 0.0055 1505
1765138787189 0.0078 1506
1765138787557 0.0023 1507
1765138787902 0.007 1508
1765138788245 0.0068 1509
1765138788588 0.022 1510
1765138788935 0.0592 1511
1765138789282 0.0067 1512
1765138789628 0.0026 1513
1765138789986 0.0027 1514
1765138790329 0.0025 1515
1765138790678 0.6604 1516
1765138791025 0.0063 1517
1765138791373 0.0299 1518
1765138791723 0.0025 1519
1765138792074 0.018 1520
1765138792422 0.0028 1521
1765138792769 0.0292 1522
1765138793142 0.0086 1523
1765138793500 0.0046 1524
1765138793847 0.0089 1525
1765138794212 0.0026 1526
1765138794565 0.0024 1527
1765138794917 0.004 1528
1765138795275 0.0602 1529
1765138795620 0.0023 1530
1765138795969 0.002 1531
1765138796332 0.004 1532
1765138796693 0.0046 1533
1765138797046 0.002 1534
1765138797418 0.0025 1535
1765138797867 0.0087 1536
1765138798321 0.0018 1537
1765138798751 0.0113 1538
1765138799226 0.0028 1539
1765138799671 0.0049 1540
1765138800021 0.0022 1541
1765138800370 0.0026 1542
1765138800725 0.0023 1543
1765138801077 0.0041 1544
1765138801434 0.0138 1545
1765138801788 0.0094 1546
1765138802142 0.2642 1547
1765138802504 0.0094 1548
1765138802852 0.0027 1549
1765138803208 0.0633 1550
1765138803596 0.0024 1551
1765138803949 0.0016 1552
1765138804308 0.0044 1553
1765138804675 0.0041 1554
1765138805028 0.0021 1555
1765138805383 0.002 1556
1765138805778 0.1215 1557
1765138806131 0.0124 1558
1765138806488 0.0166 1559
1765138806839 0.1595 1560
1765138807205 0.0027 1561
1765138807561 0.0056 1562
1765138807912 0.0362 1563
1765138808268 0.0017 1564
1765138808620 0.0022 1565
1765138808969 0.0199 1566
1765138809319 0.002 1567
1765138809717 0.0041 1568
1765138810174 0.0016 1569
1765138810635 0.0107 1570
1765138811076 0.0046 1571
1765138811535 0.5257 1572
1765138811943 0.0028 1573
1765138812295 0.2362 1574
1765138812645 0.0014 1575
1765138813012 0.0041 1576
1765138813365 0.0124 1577
1765138813727 0.0269 1578
1765138814095 0.017 1579
1765138814458 0.0191 1580
1765138814817 0.0047 1581
1765138815172 0.0046 1582
1765138815529 0.003 1583
1765138815880 0.3008 1584
1765138816235 0.0322 1585
1765138816584 0.0016 1586
1765138816933 0.0015 1587
1765138817286 0.002 1588
1765138817637 0.0499 1589
1765138817985 0.0017 1590
1765138818341 0.0013 1591
1765138818699 0.0055 1592
1765138819061 0.5674 1593
1765138819415 0.0215 1594
1765138819775 0.0032 1595
1765138820145 0.2055 1596
1765138820504 0.0022 1597
1765138820857 0.002 1598
1765138821235 0.0014 1599
1765138821588 0.498 1600
1765138822053 0.0027 1601
1765138822506 0.0031 1602
1765138822948 0.0023 1603
1765138823422 0.1774 1604
1765138823904 0.0016 1605
1765138824261 0.0102 1606
1765138824615 0.0054 1607
1765138824974 0.0017 1608
1765138825328 0.0021 1609
1765138825680 0.003 1610
1765138826035 0.0022 1611
1765138826389 0.0188 1612
1765138826753 0.004 1613
1765138827109 0.0128 1614
1765138827483 0.0658 1615
1765138827836 0.0013 1616
1765138828197 0.0017 1617
1765138828585 0.0041 1618
1765138828941 0.0014 1619
1765138829298 0.3194 1620
1765138829667 0.1794 1621
1765138830018 0.0039 1622
1765138830370 0.0051 1623
1765138830728 0.0485 1624
1765138831081 0.0034 1625
1765138831431 0.0015 1626
1765138831786 0.0566 1627
1765138832136 0.0063 1628
1765138832491 0.7703 1629
1765138832844 0.0233 1630
1765138833195 0.0052 1631
1765138833552 0.3324 1632
1765138833909 0.0019 1633
1765138834376 0.0042 1634
1765138834847 0.0015 1635
1765138835298 0.0015 1636
1765138835769 0.0018 1637
1765138836243 0.0033 1638
1765138836598 0.0044 1639
1765138836971 0.0014 1640
1765138837341 0.1848 1641
1765138837694 0.247 1642
1765138838042 0.0102 1643
1765138838394 0.0781 1644
1765138838752 0.0545 1645
1765138839103 0.0157 1646
1765138839461 0.0042 1647
1765138839813 0.7064 1648
1765138840170 0.0021 1649
1765138840533 0.0562 1650
1765138840884 0.0025 1651
1765138841239 0.002 1652
1765138841587 0.0104 1653
1765138841935 0.0601 1654
1765138842283 0.0017 1655
1765138842632 0.0044 1656
1765138842986 0.3975 1657
1765138843337 0.0099 1658
1765138843687 0.3331 1659
1765138844049 0.0034 1660
1765138844401 0.0014 1661
1765138844768 0.0023 1662
1765138845137 0.0016 1663
1765138845495 0.0056 1664
1765138845843 0.0024 1665
1765138846214 0.0022 1666
1765138846676 0.2635 1667
1765138847135 0.0014 1668
1765138847568 0.0013 1669
1765138848044 0.1166 1670
1765138848537 0.0168 1671
1765138848884 0.0764 1672
1765138849234 0.0057 1673
1765138849578 0.0092 1674
1765138849927 0.0649 1675
1765138850281 0.0025 1676
1765138850641 0.0016 1677
1765138850991 0.0032 1678
1765138851355 0.1009 1679
1765138851706 0.0168 1680
1765138852056 0.0017 1681
1765138852422 0.0019 1682
1765138852776 0.5107 1683
1765138853125 0.0021 1684
1765138853493 0.0073 1685
1765138853839 0.0019 1686
1765138854187 0.0031 1687
1765138854557 0.0035 1688
1765138854906 0.0087 1689
1765138855264 0.0014 1690
1765138855628 0.0046 1691
1765138855982 0.0216 1692
1765138856330 0.0021 1693
1765138856697 0.0913 1694
1765138857043 0.0011 1695
1765138857398 0.0018 1696
1765138857754 0.0137 1697
1765138858108 0.0642 1698
1765138858462 0.3402 1699
1765138858928 0.0034 1700
1765138859380 0.0516 1701
1765138859829 0.0021 1702
1765138860294 0.394 1703
1765138860775 0.0046 1704
1765138861128 0.0032 1705
1765138861486 0.0149 1706
1765138861851 0.0079 1707
1765138862202 0.3615 1708
1765138862554 0.0029 1709
1765138862920 0.0031 1710
1765138863274 0.0019 1711
1765138863627 0.0075 1712
1765138863989 0.0044 1713
1765138864334 0.0084 1714
1765138864687 0.0192 1715
1765138865031 0.0026 1716
1765138865402 0.0012 1717
1765138865750 0.0038 1718
1765138866098 0.0016 1719
1765138866450 0.0106 1720
1765138866805 0.0019 1721
1765138867154 0.0017 1722
1765138867531 0.0077 1723
1765138867880 0.0013 1724
1765138868233 0.0133 1725
1765138868582 0.02 1726
1765138868934 0.0062 1727
1765138869285 0.4984 1728
1765138869633 0.0216 1729
1765138869984 0.0015 1730
1765138870334 0.0022 1731
1765138870691 0.0018 1732
1765138871152 0.0047 1733
1765138871608 0.0036 1734
1765138872047 0.0019 1735
1765138872508 0.0019 1736
1765138872983 0.0075 1737
1765138873335 0.0084 1738
1765138873686 0.0018 1739
1765138874033 0.01 1740
1765138874382 0.0039 1741
1765138874733 0.0053 1742
1765138875079 0.0029 1743
1765138875437 0.0028 1744
1765138875790 0.0012 1745
1765138876140 0.0045 1746
1765138876498 0.0055 1747
1765138876847 0.0011 1748
1765138877200 0.0172 1749
1765138877374 0.0013 1750
1765138894102 0.0089 1751
1765138894449 0.0223 1752
1765138894796 0.0017 1753
1765138895142 1.2684 1754
1765138895553 0.0017 1755
1765138896005 0.021 1756
1765138896461 0.0014 1757
1765138896898 0.0111 1758
1765138897360 0.0019 1759
1765138897803 0.0011 1760
1765138898162 0.0396 1761
1765138898513 0.0016 1762
1765138898861 0.0017 1763
1765138899225 0.322 1764
1765138899571 0.0012 1765
1765138899915 0.002 1766
1765138900279 0.0024 1767
1765138900628 0.0022 1768
1765138900974 0.0013 1769
1765138901335 0.0016 1770
1765138901687 0.2062 1771
1765138902038 0.4847 1772
1765138902403 0.0114 1773
1765138902756 0.0061 1774
1765138903109 0.0013 1775
1765138903465 0.0019 1776
1765138903814 0.0017 1777
1765138904163 0.0219 1778
1765138904514 0.1851 1779
1765138904857 0.0013 1780
1765138905205 0.0045 1781
1765138905566 0.0046 1782
1765138905919 0.0075 1783
1765138906265 0.0072 1784
1765138906630 0.0054 1785
1765138906978 0.0031 1786
1765138907328 0.0047 1787
1765138907688 0.0018 1788
1765138908140 0.0017 1789
1765138908609 0.0012 1790
1765138909085 0.0014 1791
1765138909547 0.0054 1792
1765138910018 0.0021 1793
1765138910366 0.0068 1794
1765138910739 0.0034 1795
1765138911087 0.0093 1796
1765138911443 0.0037 1797
1765138911803 0.0054 1798
1765138912156 0.0014 1799
1765138912513 0.0166 1800
1765138912868 0.0012 1801
1765138913223 0.0032 1802
1765138913575 0.0016 1803
1765138913929 0.0012 1804
1765138914278 0.0031 1805
1765138914631 0.0017 1806
1765138914984 0.4209 1807
1765138915337 0.0011 1808
1765138915693 0.2562 1809
1765138916043 0.0356 1810
1765138916394 0.0016 1811
1765138916778 0.003 1812
1765138917140 0.0043 1813
1765138917502 0.124 1814
1765138917880 0.0014 1815
1765138918235 0.0036 1816
1765138918591 0.0638 1817
1765138918959 0.0074 1818
1765138919294 0.0016 1819
1765138919651 0.0044 1820
1765138920024 0.0045 1821
1765138920483 0.007 1822
1765138920946 0.0041 1823
1765138921391 0.0079 1824
1765138921857 0.0146 1825
1765138922327 0.0031 1826
1765138922679 0.0031 1827
1765138923029 0.0011 1828
1765138923381 0.0151 1829
1765138923743 0.1645 1830
1765138924112 0.0392 1831
1765138924471 0.0011 1832
1765138924829 0.0075 1833
1765138925200 0.0013 1834
1765138925559 0.0032 1835
1765138925916 0.0029 1836
1765138926286 0.0018 1837
1765138926635 0.4313 1838
1765138926987 0.0042 1839
1765138927357 0.0035 1840
1765138927712 0.0117 1841
1765138928068 0.001 1842
1765138928426 0.0075 1843
1765138928777 0.0012 1844
1765138929127 0.0202 1845
1765138929481 0.0041 1846
1765138929832 0.0016 1847
1765138930186 0.0012 1848
1765138930543 0.2569 1849
1765138930896 0.0042 1850
1765138931248 0.0198 1851
1765138931598 0.0081 1852
1765138931953 0.0012 1853
1765138932309 0.0009 1854
1765138932765 0.0009 1855
1765138933222 0.0016 1856
1765138933669 0.0038 1857
1765138934129 0.0015 1858
1765138934622 0.115 1859
1765138934979 0.0015 1860
1765138935330 0.0018 1861
1765138935700 0.001 1862
1765138936054 0.002 1863
1765138936414 0.0134 1864
1765138936781 0.0067 1865
1765138937137 0.005 1866
1765138937497 0.0026 1867
1765138937851 0.0027 1868
1765138938225 0.0522 1869
1765138938583 0.0026 1870
1765138938940 0.0012 1871
1765138939325 0.0027 1872
1765138939692 0.0017 1873
1765138940046 0.0014 1874
1765138940401 0.0016 1875
1765138940770 0.0286 1876
1765138941125 0.0031 1877
1765138941486 0.0473 1878
1765138941854 0.0013 1879
1765138942205 0.0014 1880
1765138942562 0.0015 1881
1765138942932 0.0045 1882
1765138943283 0.0011 1883
1765138943634 0.0216 1884
1765138944001 0.0056 1885
1765138944356 0.0011 1886
1765138944789 0.0028 1887
1765138945243 0.0013 1888
1765138945693 0.0036 1889
1765138946175 0.0139 1890
1765138946651 0.007 1891
1765138947049 0.0013 1892
1765138947399 0.003 1893
1765138947751 0.3177 1894
1765138948131 0.0013 1895
1765138948520 0.0036 1896
1765138948879 0.0065 1897
1765138949244 0.0026 1898
1765138949594 0.0013 1899
1765138949954 0.0014 1900
1765138950305 0.0011 1901
1765138950658 0.0014 1902
1765138951008 0.0015 1903
1765138951356 0.6462 1904
1765138951709 1.0069 1905
1765138952061 0.0123 1906
1765138952414 0.0011 1907
1765138952770 0.0016 1908
1765138953118 0.0014 1909
1765138953472 0.0018 1910
1765138953827 0.0161 1911
1765138954173 0.0147 1912
1765138954532 0.0031 1913
1765138954880 0.0034 1914
1765138955232 0.0011 1915
1765138955585 0.0054 1916
1765138955934 0.0015 1917
1765138956281 0.0008 1918
1765138956627 0.0013 1919
1765138957050 0.0054 1920
1765138957509 0.0014 1921
1765138957958 0.0011 1922
1765138958403 0.0012 1923
1765138958881 0.0068 1924
1765138959269 0.3463 1925
1765138959634 0.0013 1926
1765138959991 0.0022 1927
1765138960347 0.0014 1928
1765138960738 0.0043 1929
1765138961090 0.002 1930
1765138961447 0.0024 1931
1765138961798 0.1271 1932
1765138962152 0.0009 1933
1765138962509 0.0014 1934
1765138962857 0.0014 1935
1765138963208 0.0014 1936
1765138963564 0.008 1937
1765138963915 0.0057 1938
1765138964265 0.0013 1939
1765138964617 0.0025 1940
1765138964965 0.0015 1941
1765138965316 0.0012 1942
1765138965688 0.0468 1943
1765138966038 0.2553 1944
1765138966387 0.0016 1945
1765138966758 0.0009 1946
1765138967110 0.001 1947
1765138967464 0.0014 1948
1765138967832 0.0014 1949
1765138968179 0.192 1950
1765138968550 0.0756 1951
1765138968914 0.0199 1952
1765138969357 0.0011 1953
1765138969807 0.0014 1954
1765138970249 0.0013 1955
1765138970696 0.0263 1956
1765138971179 0.6608 1957
1765138971553 0.0031 1958
1765138971902 0.0045 1959
1765138972251 0.0019 1960
1765138972602 0.0013 1961
1765138972952 0.0032 1962
1765138973299 0.0559 1963
1765138973650 0.0026 1964
1765138974002 0.0009 1965
1765138974348 0.0028 1966
1765138974702 0.0014 1967
1765138975060 0.0134 1968
1765138975409 0.0029 1969
1765138975764 0.2742 1970
1765138976134 0.0009 1971
1765138976485 0.0015 1972
1765138976836 0.0025 1973
1765138977204 0.0009 1974
1765138977560 0.0039 1975
1765138977909 0.001 1976
1765138978273 0.0011 1977
1765138978622 0.0113 1978
1765138978975 0.0009 1979
1765138979338 0.0322 1980
1765138979703 0.0032 1981
1765138980055 0.0013 1982
1765138980406 0.0027 1983
1765138980759 0.0031 1984
1765138981112 0.0022 1985
1765138981509 0.001 1986
1765138981958 0.0019 1987
1765138982416 0.0011 1988
1765138982875 0.0017 1989
1765138983343 0.3784 1990
1765138983748 0.0012 1991
1765138984102 0.0014 1992
1765138984469 0.0009 1993
1765138984816 0.0101 1994
1765138985165 0.0031 1995
1765138985531 0.0101 1996
1765138985882 0.0008 1997
1765138986237 0.0024 1998
1765138986601 0.0007 1999
1765138986773 0.0059 2000
1765139003425 0.0028 2001
1765139003779 0.0015 2002
1765139004124 0.0012 2003
1765139004475 0.0027 2004
1765139004818 0.001 2005
1765139005164 0.0011 2006
1765139005513 0.0037 2007
1765139005889 0.0021 2008
1765139006346 0.0013 2009
1765139006797 0.0008 2010
1765139007232 0.0009 2011
1765139007690 0.0012 2012
1765139008104 0.0012 2013
1765139008482 0.0023 2014
1765139008831 0.0009 2015
1765139009179 0.0009 2016
1765139009548 0.0011 2017
1765139009897 0.0007 2018
1765139010252 0.0011 2019
1765139010622 0.0928 2020
1765139010970 0.0044 2021
1765139011319 0.0012 2022
1765139011671 0.0015 2023
1765139012021 0.0013 2024
1765139012371 0.0046 2025
1765139012727 0.2877 2026
1765139013088 0.3646 2027
1765139013437 0.0008 2028
1765139013790 0.0009 2029
1765139014138 0.0027 2030
1765139014486 0.0014 2031
1765139014839 0.0011 2032
1765139015188 0.0012 2033
1765139015553 0.0279 2034
1765139015905 0.0014 2035
1765139016262 0.0529 2036
1765139016630 0.0008 2037
1765139016980 0.0012 2038
1765139017332 0.0008 2039
1765139017703 0.0013 2040
1765139018108 0.0012 2041
1765139018563 0.0013 2042
1765139019012 0.0008 2043
1765139019452 0.0012 2044
1765139019928 0.003 2045
1765139020291 0.316 2046
1765139020637 0.0708 2047
1765139021015 0.0025 2048
1765139021364 0.0013 2049
1765139021727 0.0011 2050
1765139022082 0.0875 2051
1765139022436 0.001 2052
1765139022791 0.0406 2053
1765139023142 0.001 2054
1765139023494 0.0009 2055
1765139023842 0.001 2056
1765139024190 0.491 2057
1765139024539 0.0013 2058
1765139024891 0.0523 2059
1765139025240 0.0117 2060
1765139025586 0.0028 2061
1765139025941 0.0013 2062
1765139026266 0.0025 2063
1765139026614 0.001 2064
1765139026964 0.0059 2065
1765139027314 0.0045 2066
1765139027670 0.0007 2067
1765139028018 0.0008 2068
1765139028368 0.0058 2069
1765139028752 0.0029 2070
1765139029118 0.0009 2071
1765139029472 0.005 2072
1765139029821 0.0013 2073
1765139030225 0.0017 2074
1765139030674 0.0008 2075
1765139031128 0.0012 2076
1765139031578 0.0012 2077
1765139032034 0.0041 2078
1765139032439 0.0049 2079
1765139032793 0.0012 2080
1765139033154 0.0009 2081
1765139033523 0.0021 2082
1765139033873 0.0048 2083
1765139034231 0.0023 2084
1765139034582 0.007 2085
1765139034936 0.0057 2086
1765139035289 0.0048 2087
1765139035646 0.1678 2088
1765139036001 0.006 2089
1765139036350 0.0011 2090
1765139036704 0.0177 2091
1765139037055 0.0014 2092
1765139037410 0.0024 2093
1765139037767 0.0653 2094
1765139038121 0.0012 2095
1765139038475 0.003 2096
1765139038825 0.0117 2097
1765139039180 0.0011 2098
1765139039545 0.0045 2099
1765139039896 0.0011 2100
1765139040250 0.0012 2101
1765139040610 0.0011 2102
1765139040958 0.0013 2103
1765139041309 0.0025 2104
1765139041673 0.0022 2105
1765139042023 0.0068 2106
1765139042435 0.0013 2107
1765139042890 0.0025 2108
1765139043333 0.001 2109
1765139043792 0.001 2110
1765139044257 0.0145 2111
1765139044605 0.0014 2112
1765139044953 0.0013 2113
1765139045305 0.0012 2114
1765139045657 0.0009 2115
1765139046009 0.0055 2116
1765139046360 0.0013 2117
1765139046712 0.001 2118
1765139047058 0.001 2119
1765139047412 0.001 2120
1765139047760 0.0013 2121
1765139048107 0.001 2122
1765139048462 0.0025 2123
1765139048810 0.0054 2124
1765139049159 0.0007 2125
1765139049514 0.0011 2126
1765139049868 0.0042 2127
1765139050224 0.0007 2128
1765139050578 0.0011 2129
1765139050945 0.0045 2130
1765139051291 0.0024 2131
1765139051638 0.0014 2132
1765139051998 0.0011 2133
1765139052345 0.0147 2134
1765139052694 0.082 2135
1765139053067 0.0018 2136
1765139053415 0.0012 2137
1765139053769 0.5862 2138
1765139054131 0.0022 2139
1765139054544 0.001 2140
1765139054991 0.002 2141
1765139055435 0.0011 2142
1765139055881 0.0041 2143
1765139056354 0.0008 2144
1765139056733 0.0008 2145
1765139057080 0.0009 2146
1765139057434 0.5158 2147
1765139057783 0.001 2148
1765139058131 0.001 2149
1765139058483 0.0023 2150
1765139058835 0.4798 2151
1765139059188 0.0012 2152
1765139059547 0.0117 2153
1765139059893 0.0023 2154
1765139060246 0.5187 2155
1765139060593 0.0006 2156
1765139060948 0.002 2157
1765139061312 0.0296 2158
1765139061663 0.0008 2159
1765139062059 0.001 2160
1765139062441 0.0025 2161
1765139062787 0.0163 2162
1765139063136 0.0052 2163
1765139063503 0.0028 2164
1765139063853 0.0045 2165
1765139064202 0.0029 2166
1765139064570 0.0007 2167
1765139064918 0.0012 2168
1765139065273 0.0008 2169
1765139065638 0.001 2170
1765139065988 0.0021 2171
1765139066345 0.0007 2172
1765139066811 0.0039 2173
1765139067261 0.0015 2174
1765139067709 0.0025 2175
1765139068169 0.005 2176
1765139068671 0.0012 2177
1765139069019 0.0066 2178
1765139069368 0.0048 2179
1765139069735 0.3635 2180
1765139070100 0.0023 2181
1765139070451 0.0006 2182
1765139070813 0.0007 2183
1765139071162 0.0012 2184
1765139071526 0.0007 2185
1765139071901 0.0007 2186
1765139072252 0.0049 2187
1765139072606 0.0033 2188
1765139072974 0.6896 2189
1765139073324 0.062 2190
1765139073685 0.0011 2191
1765139074043 0.0008 2192
1765139074392 0.0087 2193
1765139074746 0.0047 2194
1765139075096 0.0036 2195
1765139075452 0.0037 2196
1765139075800 0.0165 2197
1765139076148 0.0006 2198
1765139076504 0.0007 2199
1765139076857 0.0011 2200
1765139077217 0.0062 2201
1765139077572 0.004 2202
1765139077931 0.0009 2203
1765139078278 0.0021 2204
1765139078629 0.0012 2205
1765139079091 0.001 2206
1765139079534 0.0021 2207
1765139079963 0.001 2208
1765139080430 0.0037 2209
1765139080903 0.001 2210
1765139081267 0.001 2211
1765139081614 0.0036 2212
1765139081966 0.0007 2213
1765139082318 0.0048 2214
1765139082674 0.0042 2215
1765139083029 0.0017 2216
1765139083382 0.0007 2217
1765139083729 0.002 2218
1765139084075 0.0161 2219
1765139084435 0.0009 2220
1765139084784 0.0087 2221
1765139085134 0.0008 2222
1765139085492 0.0012 2223
1765139085837 0.0008 2224
1765139086193 0.0022 2225
1765139086545 0.0014 2226
1765139086897 0.0021 2227
1765139087248 0.0009 2228
1765139087595 0.0009 2229
1765139087943 0.0097 2230
1765139088292 0.001 2231
1765139088644 0.0262 2232
1765139088995 0.0011 2233
1765139089357 0.0035 2234
1765139089720 1.1383 2235
1765139090065 0.0009 2236
1765139090434 0.0008 2237
1765139090795 0.0066 2238
1765139091256 0.0042 2239
1765139091716 0.019 2240
1765139092151 0.0019 2241
1765139092647 0.0006 2242
1765139093122 0.0009 2243
1765139093474 0.0024 2244
1765139093827 0.2032 2245
1765139094179 0.3196 2246
1765139094531 0.001 2247
1765139094885 0.0009 2248
1765139095233 0.001 2249
1765139095409 0.0067 2250
1765139111952 0.0054 2251
1765139112308 0.0007 2252
1765139112652 0.0038 2253
1765139112998 0.0008 2254
1765139113357 0.0007 2255
1765139113705 0.0009 2256
1765139114057 0.0016 2257
1765139114423 0.0099 2258
1765139114771 0.0008 2259
1765139115118 0.1743 2260
1765139115605 0.0021 2261
1765139116056 0.0016 2262
1765139116524 0.0047 2263
1765139116984 0.0418 2264
1765139117453 0.0006 2265
1765139117806 0.0009 2266
1765139118155 0.001 2267
1765139118518 0.0043 2268
1765139118868 0.0011 2269
1765139119214 0.0006 2270
1765139119579 0.0037 2271
1765139119937 0.4436 2272
1765139120282 0.001 2273
1765139120654 0.0005 2274
1765139121002 0.0009 2275
1765139121361 0.0019 2276
1765139121740 0.0021 2277
1765139122085 0.0013 2278
1765139122436 0.002 2279
1765139122801 0.0009 2280
1765139123149 0.0277 2281
1765139123502 0.0006 2282
1765139123858 0.094 2283
1765139124203 0.0007 2284
1765139124556 0.002 2285
1765139124903 0.002 2286
1765139125252 0.0005 2287
1765139125596 0.0043 2288
1765139125957 0.0044 2289
1765139126307 0.0023 2290
1765139126658 0.0019 2291
1765139127015 0.0005 2292
1765139127365 0.0021 2293
1765139127833 0.0019 2294
1765139128296 0.0051 2295
1765139128734 0.0008 2296
1765139129192 0.0013 2297
1765139129640 0.0044 2298
1765139130013 0.0231 2299
1765139130359 0.0006 2300
1765139130708 0.0245 2301
1765139131072 0.0059 2302
1765139131424 0.0308 2303
1765139131775 0.0009 2304
1765139132150 0.523 2305
1765139132505 0.0018 2306
1765139132857 0.0971 2307
1765139133215 0.0005 2308
1765139133566 0.0017 2309
1765139133926 0.0016 2310
1765139134282 0.0012 2311
1765139134632 0.0006 2312
1765139134993 0.0123 2313
1765139135349 0.0008 2314
1765139135704 0.0006 2315
1765139136056 0.0009 2316
1765139136412 0.0032 2317
1765139136770 0.0008 2318
1765139137125 0.229 2319
1765139137483 0.0018 2320
1765139137831 0.0009 2321
1765139138185 0.0046 2322
1765139138534 0.0008 2323
1765139138884 0.3029 2324
1765139139251 0.002 2325
1765139139603 0.001 2326
1765139140049 0.004 2327
1765139140507 0.0009 2328
1765139140945 0.2665 2329
1765139141403 0.0011 2330
1765139141824 0.0011 2331
1765139142178 0.116 2332
1765139142545 0.0048 2333
1765139142898 0.0024 2334
1765139143245 0.0058 2335
1765139143609 0.0006 2336
1765139143965 0.006 2337
1765139144319 0.0084 2338
1765139144676 0.0007 2339
1765139145029 0.3638 2340
1765139145381 0.0009 2341
1765139145738 0.0006 2342
1765139146093 0.0006 2343
1765139146448 0.0049 2344
1765139146795 0.0008 2345
1765139147146 0.0005 2346
1765139147495 0.0626 2347
1765139147845 0.0006 2348
1765139148197 0.0011 2349
1765139148548 0.004 2350
1765139148897 0.001 2351
1765139149248 0.062 2352
1765139149597 0.0006 2353
1765139149948 0.0009 2354
1765139150295 0.6068 2355
1765139150644 0.0016 2356
1765139150999 0.0005 2357
1765139151350 0.0015 2358
1765139151716 0.5595 2359
1765139152173 0.0008 2360
1765139152629 0.001 2361
1765139153065 0.0606 2362
1765139153559 0.002 2363
1765139154000 0.0011 2364
1765139154349 0.0035 2365
1765139154708 0.0008 2366
1765139155063 0.0005 2367
1765139155410 0.0017 2368
1765139155760 0.001 2369
1765139156117 0.005 2370
1765139156472 0.1136 2371
1765139156839 0.0009 2372
1765139157187 0.0007 2373
1765139157537 0.0007 2374
1765139157886 1.386 2375
1765139158255 0.005 2376
1765139158607 0.0006 2377
1765139158956 0.0017 2378
1765139159305 0.0007 2379
1765139159657 0.0009 2380
1765139160006 0.0056 2381
1765139160358 0.0005 2382
1765139160712 0.0019 2383
1765139161069 0.0015 2384
1765139161424 0.0715 2385
1765139161773 0.0082 2386
1765139162140 0.0019 2387
1765139162498 0.0007 2388
1765139162849 0.0011 2389
1765139163217 0.0017 2390
1765139163567 0.3175 2391
1765139163924 0.0018 2392
1765139164391 0.0028 2393
1765139164844 0.0042 2394
1765139165302 0.0017 2395
1765139165761 0.2504 2396
1765139166186 0.0011 2397
1765139166538 0.0009 2398
1765139166885 0.001 2399
1765139167237 0.0018 2400
1765139167588 0.0005 2401
1765139167939 0.001 2402
1765139168287 0.0108 2403
1765139168636 0.0045 2404
1765139168985 0.001 2405
1765139169334 0.0111 2406
1765139169686 0.0064 2407
1765139170037 0.0022 2408
1765139170389 0.0016 2409
1765139170743 0.4142 2410
1765139171094 0.0006 2411
1765139171446 0.0014 2412
1765139171797 0.0082 2413
1765139172147 0.0017 2414
1765139172497 0.0014 2415
1765139172846 0.0009 2416
1765139173197 1.0925 2417
1765139173551 0.0016 2418
1765139173901 0.0008 2419
1765139174252 0.002 2420
1765139174616 0.0008 2421
1765139174967 0.0018 2422
1765139175319 0.0318 2423
1765139175689 0.0008 2424
1765139176041 0.005 2425
1765139176496 0.0008 2426
1765139176948 0.0005 2427
1765139177390 0.1289 2428
1765139177867 0.0005 2429
1765139178303 0.0005 2430
1765139178648 0.3163 2431
1765139178998 0.001 2432
1765139179349 0.5665 2433
1765139179703 0.0006 2434
1765139180053 0.0008 2435
1765139180408 0.0009 2436
1765139180762 0.002 2437
1765139181111 0.0016 2438
1765139181467 0.0017 2439
1765139181818 0.0008 2440
1765139182171 0.001 2441
1765139182522 0.0022 2442
1765139182868 0.0008 2443
1765139183219 0.0008 2444
1765139183568 0.0009 2445
1765139183917 0.0011 2446
1765139184278 0.0007 2447
1765139184621 0.0009 2448
1765139184979 0.0005 2449
1765139185337 0.0033 2450
1765139185685 0.0009 2451
1765139186045 0.0006 2452
1765139186390 0.0008 2453
1765139186741 0.5279 2454
1765139187099 0.0032 2455
1765139187449 0.0006 2456
1765139187796 0.0161 2457
1765139188188 0.0009 2458
1765139188635 0.0251 2459
1765139189076 0.0005 2460
1765139189513 0.002 2461
1765139189968 0.0006 2462
1765139190436 0.0013 2463
1765139190787 0.0018 2464
1765139191131 0.0018 2465
1765139191478 0.0008 2466
1765139191825 0.0033 2467
1765139192174 0.0005 2468
1765139192527 0.0005 2469
1765139192871 0.0033 2470
1765139193217 0.0006 2471
1765139193568 0.0185 2472
1765139193918 0.0124 2473
1765139194266 0.0019 2474
1765139194609 0.0834 2475
1765139194955 0.7493 2476
1765139195309 0.0008 2477
1765139195656 0.0013 2478
1765139196000 0.0019 2479
1765139196367 0.0008 2480
1765139196720 0.0058 2481
1765139197066 0.0027 2482
1765139197418 0.0019 2483
1765139197762 0.0005 2484
1765139198104 0.0007 2485
1765139198476 0.0019 2486
1765139198823 0.0017 2487
1765139199171 0.0034 2488
1765139199533 0.0009 2489
1765139199878 0.1693 2490
1765139200229 0.0028 2491
1765139200690 0.0006 2492
1765139201135 0.0034 2493
1765139201563 0.0019 2494
1765139202014 0.0006 2495
1765139202475 0.0031 2496
1765139202835 0.0011 2497
1765139203181 0.0018 2498
1765139203528 0.0009 2499
1765139203701 0.0112 2500
1765139220195 0.0009 2501
1765139220535 0.0016 2502
1765139220880 0.0006 2503
1765139221222 0.0083 2504
1765139221565 0.0005 2505
1765139221909 0.6881 2506
1765139222258 0.0015 2507
1765139222608 0.0005 2508
1765139222953 0.0009 2509
1765139223301 0.0007 2510
1765139223645 0.0036 2511
1765139223990 0.0006 2512
1765139224344 0.0008 2513
1765139224747 0.0009 2514
1765139225218 0.0005 2515
1765139225681 0.0135 2516
1765139226130 0.0005 2517
1765139226618 0.0031 2518
1765139226966 0.0007 2519
1765139227315 0.0055 2520
1765139227678 0.0005 2521
1765139228023 0.2614 2522
1765139228375 0.0025 2523
1765139228740 0.0016 2524
1765139229083 0.0039 2525
1765139229447 0.0008 2526
1765139229808 0.0012 2527
1765139230158 0.004 2528
1765139230510 0.0008 2529
1765139230876 0.0016 2530
1765139231223 0.2294 2531
1765139231571 0.0179 2532
1765139231936 0.0007 2533
1765139232283 0.001 2534
1765139232644 0.0045 2535
1765139232998 0.0055 2536
1765139233346 0.0017 2537
1765139233697 0.0007 2538
1765139234046 0.0043 2539
1765139234400 0.0007 2540
1765139234751 0.0016 2541
1765139235097 0.0007 2542
1765139235452 0.0007 2543
1765139235801 0.0008 2544
1765139236144 0.0007 2545
1765139236499 0.0005 2546
1765139236925 0.0006 2547
1765139237373 0.0021 2548
1765139237812 0.0007 2549
1765139238273 0.0008 2550
1765139238743 0.0009 2551
1765139239092 0.0024 2552
1765139239450 0.0039 2553
1765139239802 0.0038 2554
1765139240170 0.0008 2555
1765139240529 0.0041 2556
1765139240880 0.0008 2557
1765139241248 0.0076 2558
1765139241601 0.0081 2559
1765139241949 0.0036 2560
1765139242309 0.0008 2561
1765139242660 0.0007 2562
1765139243009 0.0018 2563
1765139243370 0.0018 2564
1765139243719 0.0015 2565
1765139244062 0.0093 2566
1765139244427 0.0007 2567
1765139244779 0.3178 2568
1765139245129 0.0014 2569
1765139245534 0.0006 2570
1765139245883 0.0016 2571
1765139246232 0.0006 2572
1765139246585 0.0021 2573
1765139246936 0.0022 2574
1765139247285 0.0007 2575
1765139247636 0.0007 2576
1765139247987 0.0006 2577
1765139248341 0.0017 2578
1765139248694 0.0004 2579
1765139249139 0.0014 2580
1765139249605 0.0032 2581
1765139250061 0.0006 2582
1765139250538 0.0057 2583
1765139251006 0.001 2584
1765139251358 0.0008 2585
1765139251727 0.0074 2586
1765139252077 0.0017 2587
1765139252437 0.096 2588
1765139252801 0.0004 2589
1765139253150 0.0013 2590
1765139253514 0.0033 2591
1765139253866 0.0076 2592
1765139254221 0.0014 2593
1765139254574 0.0017 2594
1765139254930 0.0016 2595
1765139255291 0.0015 2596
1765139255645 0.0068 2597
1765139255994 0.0007 2598
1765139256363 0.0008 2599
1765139256720 0.0005 2600
1765139257071 0.0007 2601
1765139257431 0.0008 2602
1765139257787 0.0007 2603
1765139258137 0.0082 2604
1765139258490 0.0018 2605
1765139258859 0.0006 2606
1765139259208 0.0047 2607
1765139259561 0.0004 2608
1765139259927 0.0015 2609
1765139260276 0.0006 2610
1765139260627 0.0015 2611
1765139260995 0.0007 2612
1765139261436 0.0258 2613
1765139261891 0.0007 2614
1765139262323 0.0032 2615
1765139262786 0.0006 2616
1765139263223 0.0007 2617
1765139263577 0.0006 2618
1765139263927 0.0004 2619
1765139264275 0.002 2620
1765139264625 0.0005 2621
1765139264974 0.0013 2622
1765139265321 0.0005 2623
1765139265676 0.0015 2624
1765139266032 0.0015 2625
1765139266378 0.0028 2626
1765139266733 0.0032 2627
1765139267079 0.0007 2628
1765139267433 0.0005 2629
1765139267784 0.0012 2630
1765139268132 0.0017 2631
1765139268488 0.0036 2632
1765139268836 0.0017 2633
1765139269186 0.0017 2634
1765139269536 0.0036 2635
1765139269884 0.0013 2636
1765139270243 0.0004 2637
1765139270593 0.0007 2638
1765139270953 0.0007 2639
1765139271319 0.0006 2640
1765139271668 0.0233 2641
1765139272016 0.0006 2642
1765139272378 0.0005 2643
1765139272730 0.2881 2644
1765139273083 0.4437 2645
1765139273546 0.0004 2646
1765139273990 0.0005 2647
1765139274437 0.0017 2648
1765139274896 0.0004 2649
1765139275327 0.0674 2650
1765139275704 0.0005 2651
1765139276046 0.0014 2652
1765139276404 0.0004 2653
1765139276759 0.0005 2654
1765139277109 0.0017 2655
1765139277457 0.0425 2656
1765139277803 0.0004 2657
1765139278150 0.0011 2658
1765139278505 0.0903 2659
1765139278855 0.0006 2660
1765139279204 0.0006 2661
1765139279557 0.0013 2662
1765139279904 0.0037 2663
1765139280253 0.0042 2664
1765139280605 0.0007 2665
1765139280954 0.0007 2666
1765139281306 0.0012 2667
1765139281668 0.0008 2668
1765139282011 0.0011 2669
1765139282361 0.0009 2670
1765139282729 0.0006 2671
1765139283075 0.0005 2672
1765139283428 0.0005 2673
1765139283790 0.0255 2674
1765139284142 0.0069 2675
1765139284499 0.0004 2676
1765139284856 0.1104 2677
1765139285213 0.2392 2678
1765139285669 0.0005 2679
1765139286116 0.0018 2680
1765139286550 0.0005 2681
1765139287012 0.0004 2682
1765139287443 0.0492 2683
1765139287794 0.002 2684
1765139288137 0.0016 2685
1765139288488 0.0006 2686
1765139288837 0.0058 2687
1765139289185 0.0006 2688
1765139289537 0.0004 2689
1765139289881 0.0006 2690
1765139290231 0.0032 2691
1765139290581 0.0122 2692
1765139290930 0.0013 2693
1765139291278 0.0006 2694
1765139291630 0.4231 2695
1765139291979 0.0017 2696
1765139292335 0.0007 2697
1765139292692 0.0004 2698
1765139293043 0.0017 2699
1765139293386 0.0004 2700
1765139293742 0.0037 2701
1765139294092 0.0007 2702
1765139294439 0.0013 2703
1765139294784 0.0006 2704
1765139295135 0.0019 2705
1765139295485 0.0003 2706
1765139295829 0.0011 2707
1765139296185 0.0033 2708
1765139296534 0.0013 2709
1765139296881 0.0005 2710
1765139297249 0.0091 2711
1765139297705 0.0007 2712
1765139298149 0.0036 2713
1765139298578 0.0012 2714
1765139299029 0.0006 2715
1765139299497 0.0007 2716
1765139299844 0.0004 2717
1765139300190 0.1182 2718
1765139300552 0.0006 2719
1765139300899 0.0004 2720
1765139301251 0.0037 2721
1765139301596 0.002 2722
1765139301952 0.0016 2723
1765139302301 0.0004 2724
1765139302649 0.0004 2725
1765139302996 0.9459 2726
1765139303343 0.0005 2727
1765139303696 0.0036 2728
1765139304045 0.0006 2729
1765139304392 0.0007 2730
1765139304742 0.0012 2731
1765139305093 0.9032 2732
1765139305444 0.015 2733
1765139305793 0.007 2734
1765139306150 0.0027 2735
1765139306514 0.0004 2736
1765139306862 0.0156 2737
1765139307207 0.0014 2738
1765139307555 0.0004 2739
1765139307900 0.0015 2740
1765139308247 0.0006 2741
1765139308595 0.001 2742
1765139308941 0.0007 2743
1765139309289 0.0005 2744
1765139309742 0.0019 2745
1765139310190 0.0006 2746
1765139310635 0.0073 2747
1765139311088 0.0004 2748
1765139311549 0.0019 2749
1765139311723 0.0127 2750
1765139328298 0.0005 2751
1765139328640 0.0007 2752
1765139328991 0.0153 2753
1765139329333 0.0017 2754
1765139329681 0.0011 2755
1765139330023 0.0004 2756
1765139330361 0.0007 2757
1765139330708 0.002 2758
1765139331051 0.0037 2759
1765139331397 0.0005 2760
1765139331741 0.0016 2761
1765139332081 0.0013 2762
1765139332428 0.0011 2763
1765139332776 0.0005 2764
1765139333137 0.0011 2765
1765139333489 0.0012 2766
1765139333906 0.0004 2767
1765139334345 0.0004 2768
1765139334792 0.0004 2769
1765139335225 0.0017 2770
1765139335694 0.002 2771
1765139336043 0.0015 2772
1765139336386 0.0004 2773
1765139336744 0.0023 2774
1765139337090 0.0004 2775
1765139337433 0.0005 2776
1765139337791 0.0012 2777
1765139338131 0.0006 2778
1765139338476 0.0011 2779
1765139338832 0.0005 2780
1765139339176 0.0012 2781
1765139339519 0.1123 2782
1765139339877 0.0151 2783
1765139340223 0.0004 2784
1765139340562 0.0006 2785
1765139340917 0.0006 2786
1765139341261 0.0005 2787
1765139341601 0.0012 2788
1765139341962 0.0016 2789
1765139342303 0.0014 2790
1765139342648 0.0006 2791
1765139343004 0.0004 2792
1765139343360 0.0167 2793
1765139343704 0.0089 2794
1765139344061 0.0013 2795
1765139344405 0.0004 2796
1765139344754 0.0111 2797
1765139345111 0.0006 2798
1765139345475 0.0079 2799
1765139345846 0.0033 2800
1765139346295 0.0024 2801
1765139346739 0.0004 2802
1765139347180 0.0007 2803
1765139347630 0.0005 2804
1765139348061 0.0006 2805
1765139348409 0.1309 2806
1765139348760 0.0006 2807
1765139349104 0.0022 2808
1765139349451 0.1458 2809
1765139349801 0.0005 2810
1765139350145 0.0016 2811
1765139350499 0.0003 2812
1765139350843 0.0003 2813
1765139351185 0.0015 2814
1765139351550 0.0027 2815
1765139351903 0.0063 2816
1765139352258 0.0014 2817
1765139352595 0.0013 2818
1765139352938 1.0601 2819
1765139353279 0.0025 2820
1765139353630 0.0003 2821
1765139353973 0.0389 2822
1765139354318 0.0006 2823
1765139354664 0.0066 2824
1765139355008 0.0007 2825
1765139355350 0.0006 2826
1765139355696 0.002 2827
1765139356039 0.0006 2828
1765139356380 0.1918 2829
1765139356733 0.0007 2830
1765139357078 0.0004 2831
1765139357423 0.0151 2832
1765139357766 0.0006 2833
1765139358177 0.0005 2834
1765139358621 0.0006 2835
1765139359053 0.0006 2836
1765139359490 0.0019 2837
1765139359940 0.0005 2838
1765139360287 0.0004 2839
1765139360631 0.0006 2840
1765139360976 0.0013 2841
1765139361324 0.0005 2842
1765139361676 0.0006 2843
1765139362019 0.0029 2844
1765139362360 0.0087 2845
1765139362710 0.0003 2846
1765139363053 0.0005 2847
1765139363400 0.0003 2848
1765139363752 0.0027 2849
1765139364095 0.0006 2850
1765139364436 0.0011 2851
1765139364798 0.0006 2852
1765139365141 0.0005 2853
1765139365485 0.0004 2854
1765139365842 0.0005 2855
1765139366186 0.2852 2856
1765139366533 0.0005 2857
1765139366896 0.0035 2858
1765139367249 0.6099 2859
1765139367596 0.0006 2860
1765139367956 0.0004 2861
1765139368300 0.0015 2862
1765139368647 0.0005 2863
1765139369004 0.0023 2864
1765139369349 0.0007 2865
1765139369697 0.0013 2866
1765139370060 0.0007 2867
1765139370505 0.0003 2868
1765139370951 0.0057 2869
1765139371381 0.0036 2870
1765139371831 0.0007 2871
1765139372315 0.0076 2872
1765139372656 0.0006 2873
1765139372997 0.0006 2874
1765139373335 0.0005 2875
1765139373678 0.0005 2876
1765139374024 0.0003 2877
1765139374377 0.0003 2878
1765139374723 0.0011 2879
1765139375065 0.0006 2880
1765139375415 0.0011 2881
1765139375756 0.0015 2882
1765139376099 0.0005 2883
1765139376441 0.0004 2884
1765139376788 0.0006 2885
1765139377141 0.0006 2886
1765139377494 0.0004 2887
1765139377843 0.0007 2888
1765139378195 0.0013 2889
1765139378540 0.0039 2890
1765139378880 0.0017 2891
1765139379226 0.0019 2892
1765139379582 0.0013 2893
1765139379927 0.0005 2894
1765139380268 0.0005 2895
1765139380608 0.0005 2896
1765139380954 0.0003 2897
1765139381298 0.0014 2898
1765139381643 0.0007 2899
1765139381984 0.0006 2900
1765139382354 0.0006 2901
1765139382792 0.0015 2902
1765139383233 0.0006 2903
1765139383667 0.0012 2904
1765139384120 0.0009 2905
1765139384529 0.0079 2906
1765139384872 0.0008 2907
1765139385219 0.0064 2908
1765139385578 0.0026 2909
1765139385920 0.0027 2910
1765139386262 0.0003 2911
1765139386617 0.0033 2912
1765139386959 0.0011 2913
1765139387302 0.0005 2914
1765139387660 0.0007 2915
1765139388006 0.0013 2916
1765139388350 0.0005 2917
1765139388709 0.0015 2918
1765139389049 0.001 2919
1765139389391 0.0058 2920
1765139389748 0.1088 2921
1765139390085 0.0014 2922
1765139390430 0.0004 2923
1765139390788 0.0013 2924
1765139391130 0.0027 2925
1765139391473 0.0026 2926
1765139391828 0.0032 2927
1765139392170 0.0047 2928
1765139392518 0.3677 2929
1765139392878 0.0005 2930
1765139393224 0.0012 2931
1765139393568 0.0007 2932
1765139393926 0.0004 2933
1765139394272 0.0015 2934
1765139394728 0.0147 2935
1765139395185 0.0004 2936
1765139395613 0.0011 2937
1765139396084 0.001 2938
1765139396552 0.0005 2939
1765139396900 0.0004 2940
1765139397242 0.0005 2941
1765139397580 0.0005 2942
1765139397926 0.0005 2943
1765139398275 0.0013 2944
1765139398617 0.0005 2945
1765139398962 0.0003 2946
1765139399311 0.0005 2947
1765139399658 0.0003 2948
1765139400003 0.0003 2949
1765139400346 0.0311 2950
1765139400696 0.0006 2951
1765139401042 0.0004 2952
1765139401388 0.0077 2953
1765139401737 0.0022 2954
1765139402084 0.0004 2955
1765139402437 0.0006 2956
1765139402783 0.004 2957
1765139403127 0.0005 2958
1765139403473 0.0011 2959
1765139403820 0.0012 2960
1765139404166 0.0005 2961
1765139404514 0.0004 2962
1765139404859 0.0108 2963
1765139405208 0.0025 2964
1765139405554 0.0004 2965
1765139405905 0.0183 2966
1765139406251 0.0545 2967
1765139406630 0.0047 2968
1765139407076 0.0035 2969
1765139407538 0.0005 2970
1765139407973 0.0028 2971
1765139408446 0.0061 2972
1765139408817 0.0005 2973
1765139409157 0.0003 2974
1765139409522 0.0004 2975
1765139409867 0.0005 2976
1765139410219 0.0064 2977
1765139410574 0.0011 2978
1765139410921 0.0007 2979
1765139411261 0.0003 2980
1765139411613 0.0012 2981
1765139411958 0.0045 2982
1765139412306 0.0004 2983
1765139412669 0.0005 2984
1765139413014 0.0006 2985
1765139413360 0.0014 2986
1765139413723 0.0009 2987
1765139414064 0.0802 2988
1765139414408 0.0004 2989
1765139414766 0.0005 2990
1765139415109 0.0005 2991
1765139415454 0.0004 2992
1765139415812 0.0011 2993
1765139416168 0.0005 2994
1765139416516 0.1255 2995
1765139416865 0.0026 2996
1765139417215 0.0006 2997
1765139417561 0.0007 2998
1765139417904 0.0005 2999
1765139418071 0.0005 3000
1765139435363 0.0013 3001
1765139435700 0.0005 3002
1765139436039 0.0013 3003
1765139436392 0.016 3004
1765139436739 0.0014 3005
1765139437083 0.0031 3006
1765139437429 0.0007 3007
1765139437785 0.0025 3008
1765139438126 0.0012 3009
1765139438473 0.0012 3010
1765139438816 0.0007 3011
1765139439159 0.0016 3012
1765139439503 0.0113 3013
1765139439846 0.0005 3014
1765139440209 0.0031 3015
1765139440555 0.0004 3016
1765139440905 0.0739 3017
1765139441247 0.0005 3018
1765139441590 0.0006 3019
1765139441930 0.1597 3020
1765139442272 0.001 3021
1765139442613 0.0013 3022
1765139442956 0.001 3023
1765139443390 0.0003 3024
1765139443847 0.0025 3025
1765139444275 0.0011 3026
1765139444726 0.0015 3027
1765139445165 0.0011 3028
1765139445511 0.0006 3029
1765139445867 0.0003 3030
1765139446216 0.007 3031
1765139446557 0.0004 3032
1765139446913 0.0048 3033
1765139447255 0.0006 3034
1765139447594 0.0057 3035
1765139447951 0.0124 3036
1765139448292 0.0032 3037
1765139448634 0.002 3038
1765139448995 0.001 3039
1765139449338 0.0005 3040
1765139449682 0.006 3041
1765139450048 0.0004 3042
1765139450388 0.0005 3043
1765139450730 0.0005 3044
1765139451088 0.001 3045
1765139451427 0.0071 3046
1765139451770 0.0169 3047
1765139452128 0.0002 3048
1765139452470 0.0012 3049
1765139452812 0.0092 3050
1765139453189 0.0013 3051
1765139453534 0.0005 3052
1765139453875 0.004 3053
1765139454233 0.0003 3054
1765139454576 0.0003 3055
1765139454919 0.0024 3056
1765139455375 0.0112 3057
1765139455818 0.0012 3058
1765139456256 0.0003 3059
1765139456699 0.0011 3060
1765139457164 0.0023 3061
1765139457504 0.1819 3062
1765139457844 0.0006 3063
1765139458196 0.0005 3064
1765139458550 0.0009 3065
1765139458891 0.0005 3066
1765139459242 0.001 3067
1765139459583 0.0128 3068
1765139459923 0.0004 3069
1765139460269 0.0011 3070
1765139460612 0.0005 3071
1765139460955 0.0009 3072
1765139461302 0.0012 3073
1765139461650 0.001 3074
1765139461991 0.0006 3075
1765139462333 0.0004 3076
1765139462679 0.601 3077
1765139463018 0.0004 3078
1765139463363 0.0011 3079
1765139463710 0.0056 3080
1765139464052 0.0011 3081
1765139464401 0.0004 3082
1765139464745 0.2137 3083
1765139465086 0.0006 3084
1765139465432 0.0012 3085
1765139465771 0.0013 3086
1765139466111 0.0004 3087
1765139466459 0.0005 3088
1765139466799 0.0005 3089
1765139467151 0.0005 3090
1765139467603 0.0011 3091
1765139468041 0.0005 3092
1765139468466 0.0006 3093
1765139468943 0.0213 3094
1765139469402 0.0012 3095
1765139469755 0.0024 3096
1765139470100 0.0005 3097
1765139470445 0.0051 3098
1765139470806 0.0009 3099
1765139471149 0.0006 3100
1765139471494 0.0028 3101
1765139471847 0.0004 3102
1765139472192 0.0003 3103
1765139472536 0.0007 3104
1765139472890 0.0004 3105
1765139473233 0.0005 3106
1765139473572 0.0002 3107
1765139473927 0.0003 3108
1765139474268 0.0011 3109
1765139474620 0.0026 3110
1765139474976 0.0006 3111
1765139475317 0.0003 3112
1765139475663 0.001 3113
1765139476018 0.0004 3114
1765139476363 0.0005 3115
1765139476712 0.0003 3116
1765139477067 0.0003 3117
1765139477413 0.8376 3118
1765139477755 0.0004 3119
1765139478112 0.0028 3120
1765139478456 0.0003 3121
1765139478802 0.0003 3122
1765139479175 0.0003 3123
1765139479593 0.0035 3124
1765139480031 0.0011 3125
1765139480465 0.0004 3126
1765139480909 0.0111 3127
1765139481385 0.001 3128
1765139481730 0.0012 3129
1765139482075 0.0002 3130
1765139482422 0.001 3131
1765139482766 0.0003 3132
1765139483112 0.0003 3133
1765139483454 0.001 3134
1765139483797 0.0004 3135
1765139484138 0.0004 3136
1765139484484 0.0004 3137
1765139484824 0.0005 3138
1765139485163 0.0004 3139
1765139485509 0.0289 3140
1765139485852 0.0011 3141
1765139486194 0.0003 3142
1765139486539 0.0101 3143
1765139486881 0.0025 3144
1765139487225 0.0478 3145
1765139487566 0.0003 3146
1765139487911 0.0003 3147
1765139488255 0.0005 3148
1765139488596 0.0028 3149
1765139488940 0.0021 3150
1765139489294 0.0002 3151
1765139489635 0.0006 3152
1765139489981 0.0004 3153
1765139490320 0.1223 3154
1765139490666 0.0004 3155
1765139491010 0.001 3156
1765139491350 0.0003 3157
1765139491799 0.0025 3158
1765139492242 0.0003 3159
1765139492681 0.0005 3160
1765139493134 0.0011 3161
1765139493600 0.0019 3162
1765139493950 0.0026 3163
1765139494294 0.0004 3164
1765139494637 0.0026 3165
1765139494988 0.0003 3166
1765139495331 0.0003 3167
1765139495678 0.0005 3168
1765139496021 0.0021 3169
1765139496363 0.1069 3170
1765139496714 0.0031 3171
1765139497057 0.0006 3172
1765139497407 0.0004 3173
1765139497759 0.0006 3174
1765139498103 0.0015 3175
1765139498447 0.0024 3176
1765139498809 0.0028 3177
1765139499154 0.0011 3178
1765139499505 0.0005 3179
1765139499869 0.0025 3180
1765139500216 0.0011 3181
1765139500559 0.0003 3182
1765139500921 0.0003 3183
1765139501267 0.0006 3184
1765139501613 0.0003 3185
1765139501975 0.0024 3186
1765139502336 0.0011 3187
1765139502685 0.0009 3188
1765139503045 0.0004 3189
1765139503387 0.0033 3190
1765139503803 0.0002 3191
1765139504256 0.0003 3192
1765139504697 0.0004 3193
1765139505155 0.001 3194
1765139505615 0.1554 3195
1765139505959 0.0003 3196
1765139506305 0.001 3197
1765139506655 0.0024 3198
1765139507015 0.0003 3199
1765139507360 0.0009 3200
1765139507707 0.0498 3201
1765139508052 0.0004 3202
1765139508402 0.0002 3203
1765139508748 0.0005 3204
1765139509094 0.0005 3205
1765139509442 0.001 3206
1765139509785 0.0004 3207
1765139510143 0.0005 3208
1765139510486 0.0023 3209
1765139510832 0.0004 3210
1765139511178 0.0003 3211
1765139511525 0.0003 3212
1765139511873 0.0013 3213
1765139512226 0.0005 3214
1765139512575 0.0002 3215
1765139512927 0.0019 3216
1765139513311 0.0007 3217
1765139513673 0.0009 3218
1765139514018 0.0003 3219
1765139514376 0.0014 3220
1765139514727 0.0002 3221
1765139515079 0.0012 3222
1765139515445 0.0051 3223
1765139515841 0.0008 3224
1765139516284 0.0003 3225
1765139516730 0.0022 3226
1765139517170 0.0012 3227
1765139517638 0.0005 3228
1765139518005 0.0004 3229
1765139518351 0.0004 3230
1765139518721 0.0004 3231
1765139519076 0.0031 3232
1765139519432 0.0015 3233
1765139519792 0.3671 3234
1765139520157 0.0011 3235
1765139520518 0.0013 3236
1765139520862 0.0002 3237
1765139521211 0.0006 3238
1765139521560 0.001 3239
1765139521912 0.0033 3240
1765139522263 0.0004 3241
1765139522611 0.001 3242
1765139522961 0.0003 3243
1765139523310 0.0005 3244
1765139523664 0.0011 3245
1765139524018 0.0004 3246
1765139524369 0.0019 3247
1765139524724 0.0044 3248
1765139525073 0.0116 3249
1765139525248 0.0005 3250
1765139542437 0.0008 3251
1765139542786 0.0041 3252
1765139543133 0.0005 3253
1765139543478 0.001 3254
1765139543826 0.0011 3255
1765139544169 0.0003 3256
1765139544519 0.0003 3257
1765139544869 0.001 3258
1765139545219 0.0025 3259
1765139545564 0.0004 3260
1765139545911 0.0025 3261
1765139546257 0.0004 3262
1765139546607 0.0005 3263
1765139546965 0.0031 3264
1765139547323 0.0003 3265
1765139547691 0.001 3266
1765139548051 0.0248 3267
1765139548399 0.0004 3268
1765139548775 0.0003 3269
1765139549125 0.0004 3270
1765139549476 0.0006 3271
1765139549837 0.0018 3272
1765139550187 0.0004 3273
1765139550539 0.0002 3274
1765139550904 0.0005 3275
1765139551251 0.0002 3276
1765139551597 0.0004 3277
1765139551959 0.0019 3278
1765139552367 0.0005 3279
1765139552818 0.002 3280
1765139553266 0.0002 3281
1765139553710 0.0089 3282
1765139554192 0.0004 3283
1765139554550 0.0003 3284
1765139554903 0.0005 3285
1765139555251 0.0009 3286
1765139555598 0.0064 3287
1765139555953 0.0011 3288
1765139556307 0.0006 3289
1765139556661 0.0004 3290
1765139557010 0.0004 3291
1765139557361 0.0005 3292
1765139557713 0.0009 3293
1765139558069 0.0008 3294
1765139558422 0.0004 3295
1765139558772 0.0009 3296
1765139559139 0.0003 3297
1765139559495 0.0002 3298
1765139559848 0.0005 3299
1765139560219 0.0614 3300
1765139560569 0.0021 3301
1765139560926 0.0008 3302
1765139561297 0.0022 3303
1765139561644 0.0046 3304
1765139561993 0.0002 3305
1765139562354 0.0012 3306
1765139562711 0.0028 3307
1765139563061 0.0003 3308
1765139563429 0.062 3309
1765139563785 0.0012 3310
1765139564159 0.0003 3311
1765139564597 0.0005 3312
1765139565047 0.0004 3313
1765139565506 0.002 3314
1765139565957 0.0002 3315
1765139566443 0.0003 3316
1765139566799 0.0007 3317
1765139567154 0.0005 3318
1765139567530 0.0011 3319
1765139567880 0.0002 3320
1765139568233 0.0004 3321
1765139568602 0.0011 3322
1765139568951 0.0004 3323
1765139569305 0.0008 3324
1765139569661 0.0004 3325
1765139570009 0.0004 3326
1765139570362 0.0009 3327
1765139570719 0.0008 3328
1765139571069 0.0005 3329
1765139571422 0.0011 3330
1765139571774 0.0004 3331
1765139572138 0.0004 3332
1765139572491 0.0005 3333
1765139572843 0.006 3334
1765139573196 0.0004 3335
1765139573549 0.0004 3336
1765139573897 0.0004 3337
1765139574245 0.0008 3338
1765139574594 0.0011 3339
1765139574945 0.0002 3340
1765139575297 0.0008 3341
1765139575649 0.0005 3342
1765139575995 0.0002 3343
1765139576342 0.0003 3344
1765139576827 0.0004 3345
1765139577277 0.0003 3346
1765139577711 0.0003 3347
1765139578175 0.002 3348
1765139578649 0.0009 3349
1765139579012 0.0004 3350
1765139579360 0.0024 3351
1765139579709 0.003 3352
1765139580065 0.0336 3353
1765139580417 0.001 3354
1765139580772 0.0004 3355
1765139581122 0.0201 3356
1765139581521 0.0003 3357
1765139581867 0.0003 3358
1765139582221 0.0005 3359
1765139582576 0.0003 3360
1765139582926 0.0019 3361
1765139583273 0.0004 3362
1765139583619 0.001 3363
1765139583969 0.0002 3364
1765139584320 0.0004 3365
1765139584674 0.0021 3366
1765139585018 0.0044 3367
1765139585366 0.0003 3368
1765139585720 0.0009 3369
1765139586067 0.0009 3370
1765139586424 0.0011 3371
1765139586773 0.0016 3372
1765139587119 0.0002 3373
1765139587468 0.0036 3374
1765139587813 0.0004 3375
1765139588165 0.0022 3376
1765139588515 0.0003 3377
1765139588971 0.0009 3378
1765139589437 0.0003 3379
1765139589873 0.0004 3380
1765139590338 0.0014 3381
1765139590798 0.0004 3382
1765139591143 0.0019 3383
1765139591505 0.0004 3384
1765139591851 0.0004 3385
1765139592193 0.0014 3386
1765139592557 0.001 3387
1765139592913 0.0003 3388
1765139593266 0.0004 3389
1765139593611 0.0003 3390
1765139593961 0.0004 3391
1765139594323 0.0003 3392
1765139594675 0.0002 3393
1765139595021 0.0018 3394
1765139595368 0.1139 3395
1765139595715 0.1806 3396
1765139596062 0.0008 3397
1765139596413 0.0009 3398
1765139596763 0.0011 3399
1765139597114 0.0003 3400
1765139597466 0.0003 3401
1765139597813 0.0008 3402
1765139598159 0.0003 3403
1765139598507 0.0011 3404
1765139598857 0.0024 3405
1765139599201 0.0013 3406
1765139599550 0.0007 3407
1765139599900 0.0005 3408
1765139600248 0.0056 3409
1765139600593 0.0016 3410
1765139601040 0.0021 3411
1765139601530 0.0004 3412
1765139601979 0.0003 3413
1765139602443 0.0006 3414
1765139602919 0.0004 3415
1765139603263 0.0717 3416
1765139603609 0.0018 3417
1765139603971 0.0041 3418
1765139604316 0.0005 3419
1765139604672 0.0002 3420
1765139605024 0.0004 3421
1765139605372 0.0002 3422
1765139605724 0.0004 3423
1765139606067 0.0016 3424
1765139606417 0.0059 3425
1765139606775 0.0004 3426
1765139607120 0.0065 3427
1765139607469 0.0004 3428
1765139607816 0.0005 3429
1765139608169 0.0002 3430
1765139608522 0.0003 3431
1765139608869 0.0009 3432
1765139609216 0.0008 3433
1765139609569 0.0005 3434
1765139609923 0.0003 3435
1765139610272 0.0004 3436
1765139610619 0.0011 3437
1765139610968 0.001 3438
1765139611315 0.0041 3439
1765139611694 0.0002 3440
1765139612043 0.0004 3441
1765139612397 0.4968 3442
1765139612749 0.0011 3443
1765139613211 0.0031 3444
1765139613681 0.0004 3445
1765139614121 0.0007 3446
1765139614598 0.0002 3447
1765139615072 0.0003 3448
1765139615424 0.0004 3449
1765139615779 0.0002 3450
1765139616126 0.0019 3451
1765139616479 0.0078 3452
1765139616826 0.0042 3453
1765139617174 0.0004 3454
1765139617529 0.0019 3455
1765139617876 0.0003 3456
1765139618223 0.0004 3457
1765139618571 0.0004 3458
1765139618920 0.0076 3459
1765139619270 0.0003 3460
1765139619618 0.0004 3461
1765139619962 0.0009 3462
1765139620306 0.0002 3463
1765139620657 0.0002 3464
1765139621006 0.0003 3465
1765139621351 0.001 3466
1765139621701 0.0008 3467
1765139622046 0.0013 3468
1765139622392 0.0008 3469
1765139622742 0.0008 3470
1765139623085 0.0002 3471
1765139623436 0.0009 3472
1765139623797 0.0009 3473
1765139624144 0.0008 3474
1765139624503 0.002 3475
1765139624847 0.0007 3476
1765139625250 0.0011 3477
1765139625708 0.0002 3478
1765139626159 0.0004 3479
1765139626608 0.0002 3480
1765139627062 0.0002 3481
1765139627420 0.0002 3482
1765139627788 0.0006 3483
1765139628133 0.002 3484
1765139628484 0.0002 3485
1765139628847 0.001 3486
1765139629197 0.0007 3487
1765139629552 0.0008 3488
1765139629915 0.0021 3489
1765139630265 0.0046 3490
1765139630618 0.0008 3491
1765139630981 0.0004 3492
1765139631330 0.0007 3493
1765139631683 0.0003 3494
1765139632032 0.0004 3495
1765139632387 0.0004 3496
1765139632742 0.0008 3497
1765139633088 0.0003 3498
1765139633435 0.0004 3499
1765139633607 0.0008 3500
1765139650509 0.0003 3501
1765139650958 0.0003 3502
1765139651418 0.0018 3503
1765139651779 0.0008 3504
1765139652124 0.0009 3505
1765139652474 0.0004 3506
1765139652837 0.0004 3507
1765139653182 0.0002 3508
1765139653527 0.0004 3509
1765139653888 0.0034 3510
1765139654232 0.0008 3511
1765139654579 0.0007 3512
1765139654955 0.0002 3513
1765139655310 0.0003 3514
1765139655666 0.001 3515
1765139656009 0.0008 3516
1765139656352 0.0002 3517
1765139656706 0.0008 3518
1765139657053 0.0013 3519
1765139657403 0.0002 3520
1765139657747 0.0003 3521
1765139658093 0.0002 3522
1765139658440 0.0834 3523
1765139658784 0.0046 3524
1765139659133 0.0016 3525
1765139659483 0.0003 3526
1765139659829 0.013 3527
1765139660175 0.0003 3528
1765139660523 0.0033 3529
1765139660872 0.002 3530
1765139661222 0.0095 3531
1765139661616 0.0007 3532
1765139662068 0.0017 3533
1765139662509 0.0004 3534
1765139662954 0.0002 3535
1765139663411 0.0002 3536
1765139663789 0.0008 3537
1765139664133 0.0018 3538
1765139664482 0.0003 3539
1765139664827 0.0008 3540
1765139665190 0.0003 3541
1765139665542 0.0021 3542
1765139665893 0.0015 3543
1765139666252 0.0002 3544
1765139666600 0.008 3545
1765139666948 0.0034 3546
1765139667309 0.0003 3547
1765139667655 0.0008 3548
1765139668005 0.0024 3549
1765139668366 0.0091 3550
1765139668720 0.0009 3551
1765139669069 0.0036 3552
1765139669434 0.0002 3553
1765139669785 0.0002 3554
1765139670134 0.7067 3555
1765139670498 0.0225 3556
1765139670846 0.0019 3557
1765139671192 0.0002 3558
1765139671556 0.0004 3559
1765139671905 0.0008 3560
1765139672256 0.0003 3561
1765139672641 0.0715 3562
1765139672990 0.0003 3563
1765139673344 0.0016 3564
1765139673739 0.0002 3565
1765139674184 0.0008 3566
1765139674657 0.0008 3567
1765139675108 0.0032 3568
1765139675602 0.0003 3569
1765139675998 0.0002 3570
1765139676347 0.0118 3571
1765139676719 0.0003 3572
1765139677065 0.0004 3573
1765139677416 0.0074 3574
1765139677797 0.0002 3575
1765139678145 0.0004 3576
1765139678500 0.0004 3577
1765139678876 0.0021 3578
1765139679227 0.0011 3579
1765139679575 0.0003 3580
1765139679936 0.0005 3581
1765139680289 0.0032 3582
1765139680643 0.0011 3583
1765139680992 0.0017 3584
1765139681339 0.0002 3585
1765139681696 0.0002 3586
1765139682047 0.0024 3587
1765139682393 0.0015 3588
1765139682748 0.0008 3589
1765139683098 0.0008 3590
1765139683447 0.0007 3591
1765139683799 0.0004 3592
1765139684150 0.0007 3593
1765139684500 0.0012 3594
1765139684851 0.0003 3595
1765139685199 0.0021 3596
1765139685552 0.0013 3597
1765139685937 0.0011 3598
1765139686383 0.0008 3599
1765139686842 0.0021 3600
1765139687289 0.0023 3601
1765139687762 0.0007 3602
1765139688196 0.0007 3603
1765139688549 0.0037 3604
1765139688902 0.0008 3605
1765139689264 0.0007 3606
1765139689611 0.0007 3607
1765139689962 0.0002 3608
1765139690322 0.0004 3609
1765139690676 0.0003 3610
1765139691029 0.0002 3611
1765139691383 0.0007 3612
1765139691739 0.0046 3613
1765139692089 0.0003 3614
1765139692442 0.0003 3615
1765139692794 0.0003 3616
1765139693157 0.0019 3617
1765139693507 0.0003 3618
1765139693854 0.0025 3619
1765139694199 0.0006 3620
1765139694552 0.0019 3621
1765139694906 0.0003 3622
1765139695254 0.0008 3623
1765139695613 0.0004 3624
1765139695959 0.0007 3625
1765139696317 0.0002 3626
1765139696670 0.0002 3627
1765139697015 0.0018 3628
1765139697361 0.0007 3629
1765139697713 0.0015 3630
1765139698065 0.0007 3631
1765139698518 0.0003 3632
1765139698964 0.0008 3633
1765139699392 0.0002 3634
1765139699853 0.0047 3635
1765139700271 0.0019 3636
1765139700632 0.0002 3637
1765139700981 0.001 3638
1765139701325 0.0002 3639
1765139701695 0.0036 3640
1765139702043 0.0003 3641
1765139702390 0.0002 3642
1765139702760 0.0017 3643
1765139703112 0.0002 3644
1765139703463 0.0003 3645
1765139703815 0.0003 3646
1765139704167 0.0008 3647
1765139704518 0.0004 3648
1765139704866 0.0003 3649
1765139705217 0.0002 3650
1765139705568 0.0004 3651
1765139705926 0.0016 3652
1765139706276 0.0003 3653
1765139706635 0.0007 3654
1765139706981 0.0008 3655
1765139707328 0.0003 3656
1765139707679 0.0004 3657
1765139708025 0.0003 3658
1765139708372 0.0002 3659
1765139708724 0.0007 3660
1765139709070 0.0234 3661
1765139709419 0.0045 3662
1765139709768 0.0004 3663
1765139710119 0.0005 3664
1765139710570 0.0003 3665
1765139711026 0.4384 3666
1765139711454 0.0003 3667
1765139711922 0.0009 3668
1765139712353 0.0002 3669
1765139712698 0.0009 3670
1765139713059 0.0002 3671
1765139713407 0.0004 3672
1765139713758 0.0026 3673
1765139714118 0.0014 3674
1765139714467 0.0003 3675
1765139714813 0.0008 3676
1765139715177 0.1731 3677
1765139715528 0.0004 3678
1765139715881 0.0003 3679
1765139716240 0.0002 3680
1765139716586 0.0008 3681
1765139716943 0.0009 3682
1765139717302 0.0009 3683
1765139717648 0.0004 3684
1765139717992 0.0003 3685
1765139718348 0.002 3686
1765139718700 0.0008 3687
1765139719049 0.0003 3688
1765139719396 0.0003 3689
1765139719746 0.0008 3690
1765139720094 0.0002 3691
1765139720443 0.0003 3692
1765139720788 0.0003 3693
1765139721133 0.0003 3694
1765139721484 0.0002 3695
1765139721827 0.972 3696
1765139722178 0.0583 3697
1765139722633 0.0003 3698
1765139723082 0.0003 3699
1765139723525 0.0008 3700
1765139723985 0.0008 3701
1765139724447 0.0241 3702
1765139724796 0.0009 3703
1765139725143 0.0007 3704
1765139725508 0.0045 3705
1765139725856 0.0012 3706
1765139726203 0.0003 3707
1765139726565 0.0002 3708
1765139726913 0.0023 3709
1765139727257 0.0003 3710
1765139727616 0.0065 3711
1765139727965 0.0003 3712
1765139728310 0.0003 3713
1765139728673 0.4717 3714
1765139729020 0.0002 3715
1765139729365 0.0002 3716
1765139729729 0.0026 3717
1765139730076 0.0004 3718
1765139730423 0.0003 3719
1765139730784 0.2917 3720
1765139731128 0.0103 3721
1765139731480 0.0385 3722
1765139731833 0.0004 3723
1765139732179 0.0003 3724
1765139732534 0.0009 3725
1765139732879 0.0007 3726
1765139733226 0.0007 3727
1765139733572 0.0003 3728
1765139733969 0.0004 3729
1765139734320 0.0003 3730
1765139734783 0.0004 3731
1765139735236 0.0003 3732
1765139735679 0.0003 3733
1765139736141 0.0025 3734
1765139736575 0.0007 3735
1765139736940 0.0003 3736
1765139737290 0.001 3737
1765139737635 0.0003 3738
1765139737999 0.0007 3739
1765139738343 0.0002 3740
1765139738692 0.0003 3741
1765139739054 0.0003 3742
1765139739403 0.0021 3743
1765139739759 0.0003 3744
1765139740124 0.0003 3745
1765139740473 0.0059 3746
1765139740820 0.0002 3747
1765139741183 0.0004 3748
1765139741531 0.0018 3749
1765139741703 0.0018 3750
