1765076981512 0.02 1
1765076981893 0.04 2
1765076982226 0.06 3
1765076982563 0.08 4
1765076982913 0.1 5
1765076983246 0.12 6
1765076983582 0.14 7
1765076983936 0.16 8
1765076984366 0.18 9
1765076984810 0.2 10
1765076985234 0.22 11
1765076985674 0.24 12
1765076986136 0.26 13
1765076986534 0.28 14
1765076986916 0.3 15
1765076987252 0.32 16
1765076987598 0.34 17
1765076987954 0.36 18
1765076988289 0.38 19
1765076988628 0.4 20
1765076988961 0.42 21
1765076989301 0.44 22
1765076989638 0.46 23
1765076989971 0.48 24
1765076990304 0.5 25
1765076990645 0.52 26
1765076990981 0.54 27
1765076991315 0.56 28
1765076991652 0.58 29
1765076991991 0.6 30
1765076992323 0.62 31
1765076992661 0.64 32
1765076993002 0.66 33
1765076993346 0.68 34
1765076993681 0.7 35
1765076994021 0.72 36
1765076994375 0.74 37
1765076994716 0.76 38
1765076995053 0.78 39
1765076995408 0.8 40
1765076995748 0.82 41
1765076996086 0.84 42
1765076996454 0.86 43
1765076996885 0.88 44
1765076997322 0.9 45
1765076997745 0.92 46
1765076998191 0.94 47
1765076998653 0.96 48
1765076998988 0.98 49
1765076999148 1.0 50
1765077002054 1.0 50
1765077002747 1.02 51
1765077003082 1.04 52
1765077003416 1.06 53
1765077003769 1.08 54
1765077004106 1.1 55
1765077004444 1.12 56
1765077004812 1.1400000000000001 57
1765077005149 1.16 58
1765077005485 1.18 59
1765077005842 1.2 60
1765077006184 1.22 61
1765077006519 1.24 62
1765077006871 1.26 63
1765077007207 1.28 64
1765077007540 1.3 65
1765077007891 1.32 66
1765077008232 1.34 67
1765077008570 1.3599999999999999 68
1765077009024 1.38 69
1765077009471 1.4 70
1765077009905 1.42 71
1765077010346 1.44 72
1765077010797 1.46 73
1765077011136 1.48 74
1765077011478 1.5 75
1765077011813 1.52 76
1765077012166 1.54 77
1765077012505 1.56 78
1765077012842 1.58 79
1765077013195 1.6 80
1765077013533 1.62 81
1765077013872 1.6400000000000001 82
1765077014228 1.6600000000000001 83
1765077014564 1.6800000000000002 84
1765077014902 1.7 85
1765077015258 1.72 86
1765077015595 1.74 87
1765077015934 1.76 88
1765077016297 1.78 89
1765077016635 1.8 90
1765077016969 1.8199999999999998 91
1765077017324 1.8399999999999999 92
1765077017661 1.8599999999999999 93
1765077018000 1.88 94
1765077018354 1.9 95
1765077018691 1.92 96
1765077019025 1.94 97
1765077019380 1.96 98
1765077019716 1.98 99
1765077019878 2.0 100
1765077023461 2.0 100
1765077024139 2.02 101
1765077024483 2.04 102
1765077024824 2.06 103
1765077025184 2.08 104
1765077025524 2.1 105
1765077025867 2.12 106
1765077026207 2.14 107
1765077026548 2.16 108
1765077026888 2.18 109
1765077027231 2.2 110
1765077027573 2.22 111
1765077027912 2.24 112
1765077028254 2.26 113
1765077028595 2.2800000000000002 114
1765077028933 2.3 115
1765077029271 2.32 116
1765077029614 2.34 117
1765077029958 2.36 118
1765077030305 2.38 119
1765077030644 2.4 120
1765077030985 2.42 121
1765077031322 2.44 122
1765077031656 2.46 123
1765077031997 2.48 124
1765077032334 2.5 125
1765077032672 2.52 126
1765077033026 2.54 127
1765077033472 2.56 128
1765077033915 2.58 129
1765077034338 2.6 130
1765077034780 2.62 131
1765077035255 2.64 132
1765077035592 2.66 133
1765077035943 2.68 134
1765077036286 2.7 135
1765077036624 2.7199999999999998 136
1765077036979 2.74 137
1765077037337 2.76 138
1765077037681 2.7800000000000002 139
1765077038030 2.8 140
1765077038397 2.82 141
1765077038733 2.84 142
1765077039071 2.86 143
1765077039415 2.88 144
1765077039761 2.9 145
1765077040117 2.92 146
1765077040459 2.94 147
1765077040793 2.96 148
1765077041136 2.98 149
1765077041300 3.0 150
1765077044170 3.0 150
1765077044858 3.02 151
1765077045199 3.04 152
1765077045667 3.06 153
1765077046102 3.08 154
1765077046539 3.1 155
1765077046987 3.12 156
1765077047481 3.14 157
1765077047843 3.16 158
1765077048182 3.18 159
1765077048528 3.2 160
1765077048874 3.22 161
1765077049229 3.24 162
1765077049569 3.26 163
1765077049911 3.2800000000000002 164
1765077050257 3.3 165
1765077050598 3.32 166
1765077050935 3.34 167
1765077051275 3.36 168
1765077051631 3.38 169
1765077051972 3.4 170
1765077052311 3.42 171
1765077052653 3.44 172
1765077052993 3.46 173
1765077053343 3.48 174
1765077053687 3.5 175
1765077054028 3.52 176
1765077054373 3.54 177
1765077054713 3.56 178
1765077055058 3.58 179
1765077055404 3.6 180
1765077055746 3.62 181
1765077056086 3.64 182
1765077056430 3.66 183
1765077056769 3.68 184
1765077057108 3.7 185
1765077057459 3.7199999999999998 186
1765077057904 3.74 187
1765077058354 3.76 188
1765077058781 3.7800000000000002 189
1765077059255 3.8 190
1765077059714 3.82 191
1765077060064 3.84 192
1765077060408 3.86 193
1765077060768 3.88 194
1765077061128 3.9 195
1765077061470 3.92 196
1765077061814 3.94 197
1765077062187 3.96 198
1765077062529 3.98 199
1765077062696 4.0 200
1765077065531 4.0 200
1765077066233 4.02 201
1765077066577 4.04 202
1765077066928 4.06 203
1765077067299 4.08 204
1765077067662 4.1 205
1765077068010 4.12 206
1765077068374 4.14 207
1765077068720 4.16 208
1765077069065 4.18 209
1765077069433 4.2 210
1765077069858 4.22 211
1765077070299 4.24 212
1765077070743 4.26 213
1765077071197 4.28 214
1765077071658 4.3 215
1765077072031 4.32 216
1765077072381 4.34 217
1765077072746 4.36 218
1765077073091 4.38 219
1765077073434 4.4 220
1765077073790 4.42 221
1765077074129 4.44 222
1765077074475 4.46 223
1765077074831 4.48 224
1765077075171 4.5 225
1765077075514 4.52 226
1765077075872 4.54 227
1765077076229 4.5600000000000005 228
1765077076577 4.58 229
1765077076933 4.6 230
1765077077276 4.62 231
1765077077625 4.64 232
1765077077972 4.66 233
1765077078322 4.68 234
1765077078663 4.7 235
1765077079025 4.72 236
1765077079376 4.74 237
1765077079732 4.76 238
1765077080073 4.78 239
1765077080417 4.8 240
1765077080756 4.82 241
1765077081094 4.84 242
1765077081436 4.86 243
1765077081781 4.88 244
1765077082236 4.9 245
1765077082739 4.92 246
1765077083188 4.9399999999999995 247
1765077083643 4.96 248
1765077084107 4.98 249
1765077084272 5.0 250
1765077087138 5.0 250
1765077087826 5.02 251
1765077088162 5.04 252
1765077088500 5.06 253
1765077088840 5.08 254
1765077089186 5.1 255
1765077089524 5.12 256
1765077089866 5.14 257
1765077090205 5.16 258
1765077090551 5.18 259
1765077090888 5.2 260
1765077091230 5.22 261
1765077091583 5.24 262
1765077091925 5.26 263
1765077092275 5.28 264
1765077092635 5.3 265
1765077092973 5.32 266
1765077093328 5.34 267
1765077093669 5.36 268
1765077094014 5.38 269
1765077094467 5.4 270
1765077094899 5.42 271
1765077095331 5.44 272
1765077095796 5.46 273
1765077096247 5.48 274
1765077096585 5.5 275
1765077096944 5.52 276
1765077097281 5.54 277
1765077097623 5.5600000000000005 278
1765077097960 5.58 279
1765077098297 5.6 280
1765077098637 5.62 281
1765077098971 5.64 282
1765077099308 5.66 283
1765077099652 5.68 284
1765077099990 5.7 285
1765077100324 5.72 286
1765077100664 5.74 287
1765077100996 5.76 288
1765077101333 5.78 289
1765077101675 5.8 290
1765077102018 5.82 291
1765077102357 5.84 292
1765077102697 5.86 293
1765077103053 5.88 294
1765077103391 5.9 295
1765077103735 5.92 296
1765077104096 5.9399999999999995 297
1765077104444 5.96 298
1765077104783 5.98 299
1765077104947 6.0 300
1765077108538 6.0 300
1765077109245 6.02 301
1765077109587 6.04 302
1765077109927 6.06 303
1765077110286 6.08 304
1765077110624 6.1 305
1765077110957 6.12 306
1765077111313 6.14 307
1765077111648 6.16 308
1765077111997 6.18 309
1765077112366 6.2 310
1765077112707 6.22 311
1765077113047 6.24 312
1765077113404 6.26 313
1765077113745 6.28 314
1765077114084 6.3 315
1765077114444 6.32 316
1765077114785 6.34 317
1765077115130 6.36 318
1765077115488 6.38 319
1765077115832 6.4 320
1765077116168 6.42 321
1765077116524 6.44 322
1765077116862 6.46 323
1765077117202 6.48 324
1765077117563 6.5 325
1765077117902 6.52 326
1765077118243 6.54 327
1765077118630 6.5600000000000005 328
1765077119066 6.58 329
1765077119510 6.6 330
1765077119935 6.62 331
1765077120379 6.64 332
1765077120803 6.66 333
1765077121144 6.68 334
1765077121488 6.7 335
1765077121844 6.72 336
1765077122187 6.74 337
1765077122526 6.76 338
1765077122894 6.78 339
1765077123232 6.8 340
1765077123570 6.82 341
1765077123926 6.84 342
1765077124266 6.86 343
1765077124619 6.88 344
1765077124974 6.9 345
1765077125316 6.92 346
1765077125659 6.9399999999999995 347
1765077126017 6.96 348
1765077126359 6.98 349
1765077126526 7.0 350
1765077129396 7.0 350
1765077130082 7.02 351
1765077130420 7.04 352
1765077130792 7.06 353
1765077131246 7.08 354
1765077131682 7.1 355
1765077132106 7.12 356
1765077132558 7.14 357
1765077132955 7.16 358
1765077133335 7.18 359
1765077133674 7.2 360
1765077134016 7.22 361
1765077134382 7.24 362
1765077134726 7.26 363
1765077135072 7.28 364
1765077135431 7.3 365
1765077135778 7.32 366
1765077136119 7.34 367
1765077136477 7.36 368
1765077136814 7.38 369
1765077137152 7.4 370
1765077137513 7.42 371
1765077137858 7.44 372
1765077138217 7.46 373
1765077138577 7.48 374
1765077138916 7.5 375
1765077139256 7.52 376
1765077139613 7.54 377
1765077139955 7.5600000000000005 378
1765077140297 7.58 379
1765077140655 7.6 380
1765077140997 7.62 381
1765077141353 7.64 382
1765077141712 7.66 383
1765077142048 7.68 384
1765077142392 7.7 385
1765077142744 7.72 386
1765077143194 7.74 387
1765077143643 7.76 388
1765077144063 7.78 389
1765077144504 7.8 390
1765077144958 7.82 391
1765077145299 7.84 392
1765077145648 7.86 393
1765077145985 7.88 394
1765077146325 7.9 395
1765077146661 7.92 396
1765077146997 7.9399999999999995 397
1765077147335 7.96 398
1765077147672 7.98 399
1765077147837 8.0 400
1765077150660 8.0 400
1765077151389 8.02 401
1765077151726 8.04 402
1765077152077 8.06 403
1765077152415 8.08 404
1765077152751 8.1 405
1765077153103 8.12 406
1765077153447 8.14 407
1765077153797 8.16 408
1765077154151 8.18 409
1765077154489 8.2 410
1765077154833 8.22 411
1765077155292 8.24 412
1765077155727 8.26 413
1765077156181 8.28 414
1765077156639 8.3 415
1765077157096 8.32 416
1765077157437 8.34 417
1765077157773 8.36 418
1765077158103 8.38 419
1765077158447 8.4 420
1765077158786 8.42 421
1765077159119 8.44 422
1765077159457 8.46 423
1765077159794 8.48 424
1765077160131 8.5 425
1765077160473 8.52 426
1765077160811 8.54 427
1765077161149 8.56 428
1765077161500 8.58 429
1765077161850 8.6 430
1765077162191 8.62 431
1765077162532 8.64 432
1765077162870 8.66 433
1765077163207 8.68 434
1765077163541 8.7 435
1765077163883 8.72 436
1765077164222 8.74 437
1765077164558 8.76 438
1765077164894 8.78 439
1765077165235 8.8 440
1765077165578 8.82 441
1765077165914 8.84 442
1765077166251 8.86 443
1765077166611 8.88 444
1765077166953 8.9 445
1765077167401 8.92 446
1765077167858 8.94 447
1765077168276 8.96 448
1765077168777 8.98 449
1765077168944 9.0 450
1765077171870 9.0 450
1765077172592 9.02 451
1765077172928 9.04 452
1765077173265 9.06 453
1765077173606 9.08 454
1765077173948 9.1 455
1765077174292 9.12 456
1765077174629 9.14 457
1765077174965 9.16 458
1765077175298 9.18 459
1765077175636 9.2 460
1765077175970 9.22 461
1765077176306 9.24 462
1765077176649 9.26 463
1765077177009 9.28 464
1765077177351 9.3 465
1765077177695 9.32 466
1765077178036 9.34 467
1765077178376 9.36 468
1765077178717 9.38 469
1765077179061 9.4 470
1765077179486 9.42 471
1765077179921 9.44 472
1765077180350 9.46 473
1765077180783 9.48 474
1765077181257 9.5 475
1765077181595 9.52 476
1765077181928 9.54 477
1765077182262 9.56 478
1765077182605 9.58 479
1765077182942 9.6 480
1765077183278 9.62 481
1765077183617 9.64 482
1765077183958 9.66 483
1765077184297 9.68 484
1765077184632 9.7 485
1765077184971 9.72 486
1765077185316 9.74 487
1765077185656 9.76 488
1765077185991 9.78 489
1765077186341 9.8 490
1765077186683 9.82 491
1765077187030 9.84 492
1765077187397 9.86 493
1765077187737 9.88 494
1765077188080 9.9 495
1765077188427 9.92 496
1765077188765 9.94 497
1765077189106 9.96 498
1765077189453 9.98 499
1765077189619 10.0 500
1765077192982 10.0 500
1765077193276 10.0 500
