1765076981512 1.1113802194595337 1
1765076981893 1.2894043922424316 2
1765076982226 1.1471970081329346 3
1765076982563 1.3470675945281982 4
1765076982913 1.3430604934692383 5
1765076983246 1.1672667264938354 6
1765076983582 1.536509394645691 7
1765076983936 1.378284215927124 8
1765076984366 1.3308753967285156 9
1765076984810 1.408509612083435 10
1765076985234 1.7772431373596191 11
1765076985674 1.349137306213379 12
1765076986136 1.2936302423477173 13
1765076986534 1.2383122444152832 14
1765076986916 1.2173330783843994 15
1765076987252 1.278154969215393 16
1765076987598 1.2930341958999634 17
1765076987954 1.4567551612854004 18
1765076988289 1.3789559602737427 19
1765076988628 1.1921167373657227 20
1765076988961 1.3252556324005127 21
1765076989301 0.986038863658905 22
1765076989638 1.3305975198745728 23
1765076989971 1.2769455909729004 24
1765076990304 1.2509599924087524 25
1765076990645 1.2550126314163208 26
1765076990981 1.2374070882797241 27
1765076991315 1.2714831829071045 28
1765076991652 2.1180191040039062 29
1765076991991 1.312355875968933 30
1765076992323 1.188826322555542 31
1765076992661 1.7487601041793823 32
1765076993002 1.442533254623413 33
1765076993346 1.1913670301437378 34
1765076993681 1.3221994638442993 35
1765076994021 2.3386688232421875 36
1765076994375 1.5703788995742798 37
1765076994716 1.225237488746643 38
1765076995053 1.3686327934265137 39
1765076995408 0.9434233903884888 40
1765076995748 1.3478034734725952 41
1765076996086 1.4080297946929932 42
1765076996454 1.317356824874878 43
1765076996885 1.36557936668396 44
1765076997322 1.2044709920883179 45
1765076997745 1.2675848007202148 46
1765076998191 1.3454010486602783 47
1765076998653 1.2622696161270142 48
1765076998988 1.9046895503997803 49
1765076999148 1.486395001411438 50
1765077002747 1.107909917831421 51
1765077003082 1.352455735206604 52
1765077003416 1.2500309944152832 53
1765077003769 1.3993747234344482 54
1765077004106 1.4461506605148315 55
1765077004444 1.544109582901001 56
1765077004812 1.3237236738204956 57
1765077005149 2.009700298309326 58
1765077005485 1.3166618347167969 59
1765077005842 1.3481487035751343 60
1765077006184 1.3193795680999756 61
1765077006519 1.5743414163589478 62
1765077006871 1.3314157724380493 63
1765077007207 1.4310271739959717 64
1765077007540 1.5259560346603394 65
1765077007891 1.3826392889022827 66
1765077008232 1.453149437904358 67
1765077008570 1.3349182605743408 68
1765077009024 1.5295772552490234 69
1765077009471 1.126225233078003 70
1765077009905 1.5818698406219482 71
1765077010346 1.515007495880127 72
1765077010797 1.2911632061004639 73
1765077011136 1.4116311073303223 74
1765077011478 1.3238813877105713 75
1765077011813 1.495992660522461 76
1765077012166 1.4714728593826294 77
1765077012505 2.174638509750366 78
1765077012842 1.8636183738708496 79
1765077013195 1.6287651062011719 80
1765077013533 1.5926676988601685 81
1765077013872 1.8091905117034912 82
1765077014228 1.2682077884674072 83
1765077014564 1.272076964378357 84
1765077014902 1.7638508081436157 85
1765077015258 1.1594414710998535 86
1765077015595 1.5311028957366943 87
1765077015934 2.107576370239258 88
1765077016297 1.2704668045043945 89
1765077016635 1.284483551979065 90
1765077016969 1.2485109567642212 91
1765077017324 1.866021752357483 92
1765077017661 2.010899305343628 93
1765077018000 2.14743971824646 94
1765077018354 1.2501386404037476 95
1765077018691 1.0831751823425293 96
1765077019025 2.66605281829834 97
1765077019380 2.080251455307007 98
1765077019716 1.255222201347351 99
1765077019878 1.5213440656661987 100
1765077024139 1.804252028465271 101
1765077024483 1.399064064025879 102
1765077024824 1.097966194152832 103
1765077025184 1.7796615362167358 104
1765077025524 1.4239777326583862 105
1765077025867 1.3508497476577759 106
1765077026207 1.340339183807373 107
1765077026548 1.252081036567688 108
1765077026888 1.3514069318771362 109
1765077027231 1.567236304283142 110
1765077027573 1.3409755229949951 111
1765077027912 1.134580135345459 112
1765077028254 1.030012845993042 113
1765077028595 2.6270413398742676 114
1765077028933 1.8259142637252808 115
1765077029271 1.2204469442367554 116
1765077029614 1.1200388669967651 117
1765077029958 1.6703611612319946 118
1765077030305 1.5681557655334473 119
1765077030644 1.1902416944503784 120
1765077030985 2.808567762374878 121
1765077031322 1.1412558555603027 122
1765077031656 1.0132285356521606 123
1765077031997 1.4876736402511597 124
1765077032334 1.735209584236145 125
1765077032672 1.9366201162338257 126
1765077033026 1.3300936222076416 127
1765077033472 1.3479399681091309 128
1765077033915 1.015019416809082 129
1765077034338 1.2548558712005615 130
1765077034780 1.2064059972763062 131
1765077035255 1.1413354873657227 132
1765077035592 2.71836519241333 133
1765077035943 1.1300204992294312 134
1765077036286 1.0545729398727417 135
1765077036624 1.5479674339294434 136
1765077036979 2.545114278793335 137
1765077037337 1.5567415952682495 138
1765077037681 2.1484739780426025 139
1765077038030 2.079333782196045 140
1765077038397 1.3680684566497803 141
1765077038733 1.4133634567260742 142
1765077039071 1.676486611366272 143
1765077039415 2.702045202255249 144
1765077039761 2.4118735790252686 145
1765077040117 2.1941208839416504 146
1765077040459 0.9854958057403564 147
1765077040793 1.3529458045959473 148
1765077041136 1.530526876449585 149
1765077041300 1.4972882270812988 150
1765077044858 2.2553982734680176 151
1765077045199 2.2507107257843018 152
1765077045667 1.6103085279464722 153
1765077046102 2.825530767440796 154
1765077046539 1.3521074056625366 155
1765077046987 1.466854453086853 156
1765077047481 1.9129760265350342 157
1765077047843 1.2390367984771729 158
1765077048182 1.7365065813064575 159
1765077048528 2.0321524143218994 160
1765077048874 1.6356873512268066 161
1765077049229 1.1511682271957397 162
1765077049569 1.8678911924362183 163
1765077049911 1.021986961364746 164
1765077050257 1.449267029762268 165
1765077050598 1.4225682020187378 166
1765077050935 1.8202766180038452 167
1765077051275 1.5735373497009277 168
1765077051631 1.1257246732711792 169
1765077051972 1.187538743019104 170
1765077052311 1.5217593908309937 171
1765077052653 1.2557395696640015 172
1765077052993 1.8871033191680908 173
1765077053343 2.8161261081695557 174
1765077053687 1.985723853111267 175
1765077054028 1.2412654161453247 176
1765077054373 1.2443877458572388 177
1765077054713 2.1738879680633545 178
1765077055058 0.8093801736831665 179
1765077055404 2.52681303024292 180
1765077055746 1.797982096672058 181
1765077056086 1.0155881643295288 182
1765077056430 3.6533710956573486 183
1765077056769 1.206480860710144 184
1765077057108 1.9753719568252563 185
1765077057459 1.4636374711990356 186
1765077057904 1.0945624113082886 187
1765077058354 1.4709014892578125 188
1765077058781 0.7789431810379028 189
1765077059255 1.4396305084228516 190
1765077059714 1.7384122610092163 191
1765077060064 0.7499530911445618 192
1765077060408 2.6288187503814697 193
1765077060768 10.41556167602539 194
1765077061128 1.4727671146392822 195
1765077061470 1.2564773559570312 196
1765077061814 1.236356258392334 197
1765077062187 1.1667416095733643 198
1765077062529 1.6863808631896973 199
1765077062696 1.1106276512145996 200
1765077066233 2.1723129749298096 201
1765077066577 0.9234318733215332 202
1765077066928 2.706238269805908 203
1765077067299 2.3671622276306152 204
1765077067662 2.9843316078186035 205
1765077068010 1.6700531244277954 206
1765077068374 1.2927498817443848 207
1765077068720 0.9308034777641296 208
1765077069065 2.054750919342041 209
1765077069433 1.0357340574264526 210
1765077069858 1.4480617046356201 211
1765077070299 1.459280014038086 212
1765077070743 1.38094162940979 213
1765077071197 2.0598132610321045 214
1765077071658 1.5283150672912598 215
1765077072031 2.213202953338623 216
1765077072381 3.040797710418701 217
1765077072746 1.5277847051620483 218
1765077073091 1.993369460105896 219
1765077073434 2.122051954269409 220
1765077073790 1.3761751651763916 221
1765077074129 3.4471757411956787 222
1765077074475 1.2981560230255127 223
1765077074831 1.103675365447998 224
1765077075171 2.7881734371185303 225
1765077075514 2.1467385292053223 226
1765077075872 0.5814010500907898 227
1765077076229 2.2775471210479736 228
1765077076577 2.5021557807922363 229
1765077076933 1.4906005859375 230
1765077077276 0.9420538544654846 231
1765077077625 1.0316587686538696 232
1765077077972 2.707705497741699 233
1765077078322 1.113682746887207 234
1765077078663 4.10190486907959 235
1765077079025 0.7311587333679199 236
1765077079376 2.2923731803894043 237
1765077079732 3.290362596511841 238
1765077080073 1.0901567935943604 239
1765077080417 1.2343218326568604 240
1765077080756 2.285228729248047 241
1765077081094 2.4471585750579834 242
1765077081436 2.0000498294830322 243
1765077081781 1.881909728050232 244
1765077082236 1.9172872304916382 245
1765077082739 2.0269620418548584 246
1765077083188 1.2759549617767334 247
1765077083643 1.0634609460830688 248
1765077084107 1.5442109107971191 249
1765077084272 2.169818162918091 250
1765077087826 4.078932762145996 251
1765077088162 0.6441028118133545 252
1765077088500 0.6607060432434082 253
1765077088840 10.342320442199707 254
1765077089186 0.8191432952880859 255
1765077089524 2.470954656600952 256
1765077089866 1.409809947013855 257
1765077090205 1.9429819583892822 258
1765077090551 2.4242477416992188 259
1765077090888 0.5712602734565735 260
1765077091230 1.7471623420715332 261
1765077091583 0.7841081023216248 262
1765077091925 1.1619848012924194 263
1765077092275 2.233274459838867 264
1765077092635 0.6086234450340271 265
1765077092973 2.197565793991089 266
1765077093328 0.9817838668823242 267
1765077093669 3.034139633178711 268
1765077094014 1.3731106519699097 269
1765077094467 2.140030860900879 270
1765077094899 0.9991341829299927 271
1765077095331 9.09686279296875 272
1765077095796 2.189375877380371 273
1765077096247 1.9663965702056885 274
1765077096585 3.3894338607788086 275
1765077096944 0.45273342728614807 276
1765077097281 2.669999837875366 277
1765077097623 0.5028321743011475 278
1765077097960 0.6408270597457886 279
1765077098297 1.5372868776321411 280
1765077098637 1.4517136812210083 281
1765077098971 2.515514850616455 282
1765077099308 1.3270210027694702 283
1765077099652 1.1663957834243774 284
1765077099990 1.8372552394866943 285
1765077100324 3.1817803382873535 286
1765077100664 0.7399742603302002 287
1765077100996 2.975442886352539 288
1765077101333 0.5630905032157898 289
1765077101675 6.019546985626221 290
1765077102018 1.2925629615783691 291
1765077102357 1.2576956748962402 292
1765077102697 6.900778293609619 293
1765077103053 3.4503848552703857 294
1765077103391 2.708768606185913 295
1765077103735 1.7087470293045044 296
1765077104096 0.6854528188705444 297
1765077104444 3.195403575897217 298
1765077104783 1.1451077461242676 299
1765077104947 1.0256098508834839 300
1765077109245 0.8638826012611389 301
1765077109587 0.895453691482544 302
1765077109927 0.4668031334877014 303
1765077110286 2.948295831680298 304
1765077110624 1.3679965734481812 305
1765077110957 4.525653839111328 306
1765077111313 4.935693740844727 307
1765077111648 0.5987505316734314 308
1765077111997 2.0415987968444824 309
1765077112366 5.840313911437988 310
1765077112707 2.18463134765625 311
1765077113047 1.042605996131897 312
1765077113404 1.2507050037384033 313
1765077113745 0.5236749053001404 314
1765077114084 0.9628593921661377 315
1765077114444 0.7390503883361816 316
1765077114785 3.408052921295166 317
1765077115130 4.523930549621582 318
1765077115488 5.3000264167785645 319
1765077115832 0.5111045241355896 320
1765077116168 0.4574097692966461 321
1765077116524 1.812705397605896 322
1765077116862 5.116302967071533 323
1765077117202 3.8254706859588623 324
1765077117563 1.9680062532424927 325
1765077117902 0.4895637035369873 326
1765077118243 1.6465399265289307 327
1765077118630 3.805281400680542 328
1765077119066 2.07119083404541 329
1765077119510 1.2691553831100464 330
1765077119935 2.0830776691436768 331
1765077120379 1.7473653554916382 332
1765077120803 2.6128642559051514 333
1765077121144 4.276814937591553 334
1765077121488 0.810196042060852 335
1765077121844 0.9346212148666382 336
1765077122187 4.385873317718506 337
1765077122526 2.1577963829040527 338
1765077122894 2.267789602279663 339
1765077123232 0.6777525544166565 340
1765077123570 0.9648970365524292 341
1765077123926 0.8856161236763 342
1765077124266 1.985580325126648 343
1765077124619 7.997274398803711 344
1765077124974 2.1800029277801514 345
1765077125316 2.1097161769866943 346
1765077125659 1.0159047842025757 347
1765077126017 5.064480304718018 348
1765077126359 0.45789477229118347 349
1765077126526 0.4355740249156952 350
1765077130082 4.283668041229248 351
1765077130420 0.4091728627681732 352
1765077130792 2.7741503715515137 353
1765077131246 2.318796157836914 354
1765077131682 0.5086996555328369 355
1765077132106 1.551635980606079 356
1765077132558 0.6660789847373962 357
1765077132955 1.1387476921081543 358
1765077133335 1.1098490953445435 359
1765077133674 2.7696564197540283 360
1765077134016 5.169341564178467 361
1765077134382 3.626978635787964 362
1765077134726 1.0251587629318237 363
1765077135072 1.7057209014892578 364
1765077135431 1.5910344123840332 365
1765077135778 0.9194493889808655 366
1765077136119 1.5348289012908936 367
1765077136477 1.1674892902374268 368
1765077136814 1.9671761989593506 369
1765077137152 0.7565324306488037 370
1765077137513 1.2328983545303345 371
1765077137858 0.9973820447921753 372
1765077138217 0.5243608355522156 373
1765077138577 1.3919318914413452 374
1765077138916 0.9752405285835266 375
1765077139256 1.127509355545044 376
1765077139613 0.9936877489089966 377
1765077139955 0.7221947312355042 378
1765077140297 0.934912919998169 379
1765077140655 0.46698981523513794 380
1765077140997 0.5209531188011169 381
1765077141353 0.6244394779205322 382
1765077141712 5.81737756729126 383
1765077142048 3.608275890350342 384
1765077142392 1.5340311527252197 385
1765077142744 1.1091300249099731 386
1765077143194 0.902493417263031 387
1765077143643 0.9601803421974182 388
1765077144063 2.83555269241333 389
1765077144504 2.447488784790039 390
1765077144958 3.981905460357666 391
1765077145299 7.626064300537109 392
1765077145648 5.703030586242676 393
1765077145985 0.6028933525085449 394
1765077146325 2.0235788822174072 395
1765077146661 0.829203188419342 396
1765077146997 1.2808622121810913 397
1765077147335 1.5040061473846436 398
1765077147672 1.190730094909668 399
1765077147837 4.586231708526611 400
1765077151389 1.1759425401687622 401
1765077151726 0.4742940664291382 402
1765077152077 1.5364571809768677 403
1765077152415 12.805952072143555 404
1765077152751 0.7644986510276794 405
1765077153103 0.8688284158706665 406
1765077153447 0.8922943472862244 407
1765077153797 0.7742100954055786 408
1765077154151 3.997615337371826 409
1765077154489 0.5195148587226868 410
1765077154833 17.269062042236328 411
1765077155292 0.6150118112564087 412
1765077155727 8.840899467468262 413
1765077156181 0.6028847694396973 414
1765077156639 1.3356853723526 415
1765077157096 5.8804755210876465 416
1765077157437 0.46474796533584595 417
1765077157773 5.690894603729248 418
1765077158103 4.734238624572754 419
1765077158447 4.487061977386475 420
1765077158786 0.5709627866744995 421
1765077159119 0.5079320073127747 422
1765077159457 0.8306384086608887 423
1765077159794 0.7515597343444824 424
1765077160131 1.318190097808838 425
1765077160473 3.851057291030884 426
1765077160811 1.8990538120269775 427
1765077161149 0.7270795106887817 428
1765077161500 0.7042410969734192 429
1765077161850 9.332683563232422 430
1765077162191 1.9562959671020508 431
1765077162532 5.027558326721191 432
1765077162870 1.4796113967895508 433
1765077163207 0.35534366965293884 434
1765077163541 1.3459861278533936 435
1765077163883 2.5793566703796387 436
1765077164222 5.904477596282959 437
1765077164558 1.2350959777832031 438
1765077164894 0.4733891487121582 439
1765077165235 0.44654586911201477 440
1765077165578 2.2631173133850098 441
1765077165914 4.265849590301514 442
1765077166251 3.500265598297119 443
1765077166611 0.9541402459144592 444
1765077166953 1.7912704944610596 445
1765077167401 16.25734519958496 446
1765077167858 0.35459911823272705 447
1765077168276 3.865518569946289 448
1765077168777 3.871530294418335 449
1765077168944 0.3342623710632324 450
1765077172592 0.8167176842689514 451
1765077172928 2.9876160621643066 452
1765077173265 0.6263510584831238 453
1765077173606 2.3085100650787354 454
1765077173948 0.512301504611969 455
1765077174292 8.577043533325195 456
1765077174629 1.4723083972930908 457
1765077174965 3.3518288135528564 458
1765077175298 2.3983609676361084 459
1765077175636 1.557105541229248 460
1765077175970 1.597879409790039 461
1765077176306 0.46352505683898926 462
1765077176649 0.39301377534866333 463
1765077177009 0.8044300675392151 464
1765077177351 0.9932466745376587 465
1765077177695 1.696602702140808 466
1765077178036 1.3708324432373047 467
1765077178376 0.6323750019073486 468
1765077178717 3.4468719959259033 469
1765077179061 3.9652857780456543 470
1765077179486 0.2960766851902008 471
1765077179921 2.882502555847168 472
1765077180350 7.574870586395264 473
1765077180783 0.3464338183403015 474
1765077181257 11.849037170410156 475
1765077181595 8.519078254699707 476
1765077181928 0.5273417234420776 477
1765077182262 1.1481279134750366 478
1765077182605 0.5401075482368469 479
1765077182942 0.31630420684814453 480
1765077183278 2.704019546508789 481
1765077183617 0.7059838771820068 482
1765077183958 0.5674484968185425 483
1765077184297 0.48169487714767456 484
1765077184632 1.093537449836731 485
1765077184971 0.7522135376930237 486
1765077185316 1.4239990711212158 487
1765077185656 1.5215368270874023 488
1765077185991 1.4172385931015015 489
1765077186341 0.36644047498703003 490
1765077186683 0.6526796817779541 491
1765077187030 2.9579226970672607 492
1765077187397 1.920417070388794 493
1765077187737 0.8062133193016052 494
1765077188080 0.462731271982193 495
1765077188427 0.3327803313732147 496
1765077188765 0.7388944029808044 497
1765077189106 2.2461769580841064 498
1765077189453 0.34350696206092834 499
1765077189619 1.2856136560440063 500
