1765076981512 5e-05 1
1765076981893 4.99e-05 2
1765076982226 4.9800000000000004e-05 3
1765076982563 4.97e-05 4
1765076982913 4.96e-05 5
1765076983246 4.9500000000000004e-05 6
1765076983582 4.94e-05 7
1765076983936 4.93e-05 8
1765076984366 4.92e-05 9
1765076984810 4.91e-05 10
1765076985234 4.9e-05 11
1765076985674 4.89e-05 12
1765076986136 4.88e-05 13
1765076986534 4.87e-05 14
1765076986916 4.86e-05 15
1765076987252 4.85e-05 16
1765076987598 4.8400000000000004e-05 17
1765076987954 4.83e-05 18
1765076988289 4.82e-05 19
1765076988628 4.8100000000000004e-05 20
1765076988961 4.8e-05 21
1765076989301 4.79e-05 22
1765076989638 4.78e-05 23
1765076989971 4.77e-05 24
1765076990304 4.76e-05 25
1765076990645 4.75e-05 26
1765076990981 4.74e-05 27
1765076991315 4.73e-05 28
1765076991652 4.72e-05 29
1765076991991 4.71e-05 30
1765076992323 4.7e-05 31
1765076992661 4.69e-05 32
1765076993002 4.6800000000000006e-05 33
1765076993346 4.6700000000000003e-05 34
1765076993681 4.660000000000001e-05 35
1765076994021 4.6500000000000005e-05 36
1765076994375 4.64e-05 37
1765076994716 4.630000000000001e-05 38
1765076995053 4.6200000000000005e-05 39
1765076995408 4.61e-05 40
1765076995748 4.600000000000001e-05 41
1765076996086 4.5900000000000004e-05 42
1765076996454 4.58e-05 43
1765076996885 4.5700000000000006e-05 44
1765076997322 4.5600000000000004e-05 45
1765076997745 4.55e-05 46
1765076998191 4.5400000000000006e-05 47
1765076998653 4.53e-05 48
1765076998988 4.52e-05 49
1765076999148 4.5100000000000005e-05 50
1765077002747 4.5e-05 51
1765077003082 4.49e-05 52
1765077003416 4.4800000000000005e-05 53
1765077003769 4.47e-05 54
1765077004106 4.46e-05 55
1765077004444 4.4500000000000004e-05 56
1765077004812 4.44e-05 57
1765077005149 4.43e-05 58
1765077005485 4.4200000000000004e-05 59
1765077005842 4.41e-05 60
1765077006184 4.4000000000000006e-05 61
1765077006519 4.39e-05 62
1765077006871 4.38e-05 63
1765077007207 4.3700000000000005e-05 64
1765077007540 4.36e-05 65
1765077007891 4.35e-05 66
1765077008232 4.3400000000000005e-05 67
1765077008570 4.33e-05 68
1765077009024 4.32e-05 69
1765077009471 4.3100000000000004e-05 70
1765077009905 4.3e-05 71
1765077010346 4.29e-05 72
1765077010797 4.2800000000000004e-05 73
1765077011136 4.27e-05 74
1765077011478 4.26e-05 75
1765077011813 4.25e-05 76
1765077012166 4.24e-05 77
1765077012505 4.23e-05 78
1765077012842 4.22e-05 79
1765077013195 4.21e-05 80
1765077013533 4.2e-05 81
1765077013872 4.19e-05 82
1765077014228 4.18e-05 83
1765077014564 4.17e-05 84
1765077014902 4.16e-05 85
1765077015258 4.15e-05 86
1765077015595 4.14e-05 87
1765077015934 4.13e-05 88
1765077016297 4.12e-05 89
1765077016635 4.11e-05 90
1765077016969 4.1e-05 91
1765077017324 4.09e-05 92
1765077017661 4.08e-05 93
1765077018000 4.07e-05 94
1765077018354 4.0600000000000004e-05 95
1765077018691 4.05e-05 96
1765077019025 4.0400000000000006e-05 97
1765077019380 4.0300000000000004e-05 98
1765077019716 4.02e-05 99
1765077019878 4.0100000000000006e-05 100
1765077024139 4e-05 101
1765077024483 3.99e-05 102
1765077024824 3.9800000000000005e-05 103
1765077025184 3.97e-05 104
1765077025524 3.960000000000001e-05 105
1765077025867 3.9500000000000005e-05 106
1765077026207 3.94e-05 107
1765077026548 3.9300000000000007e-05 108
1765077026888 3.9200000000000004e-05 109
1765077027231 3.91e-05 110
1765077027573 3.9000000000000006e-05 111
1765077027912 3.8900000000000004e-05 112
1765077028254 3.88e-05 113
1765077028595 3.8700000000000006e-05 114
1765077028933 3.86e-05 115
1765077029271 3.85e-05 116
1765077029614 3.8400000000000005e-05 117
1765077029958 3.83e-05 118
1765077030305 3.82e-05 119
1765077030644 3.8100000000000005e-05 120
1765077030985 3.8e-05 121
1765077031322 3.79e-05 122
1765077031656 3.7800000000000004e-05 123
1765077031997 3.77e-05 124
1765077032334 3.76e-05 125
1765077032672 3.7500000000000003e-05 126
1765077033026 3.74e-05 127
1765077033472 3.73e-05 128
1765077033915 3.72e-05 129
1765077034338 3.71e-05 130
1765077034780 3.7e-05 131
1765077035255 3.69e-05 132
1765077035592 3.68e-05 133
1765077035943 3.6700000000000004e-05 134
1765077036286 3.66e-05 135
1765077036624 3.65e-05 136
1765077036979 3.6400000000000004e-05 137
1765077037337 3.63e-05 138
1765077037681 3.62e-05 139
1765077038030 3.61e-05 140
1765077038397 3.6e-05 141
1765077038733 3.59e-05 142
1765077039071 3.58e-05 143
1765077039415 3.57e-05 144
1765077039761 3.56e-05 145
1765077040117 3.55e-05 146
1765077040459 3.54e-05 147
1765077040793 3.53e-05 148
1765077041136 3.52e-05 149
1765077041300 3.51e-05 150
1765077044858 3.5e-05 151
1765077045199 3.49e-05 152
1765077045667 3.48e-05 153
1765077046102 3.4699999999999996e-05 154
1765077046539 3.46e-05 155
1765077046987 3.45e-05 156
1765077047481 3.4399999999999996e-05 157
1765077047843 3.430000000000001e-05 158
1765077048182 3.4200000000000005e-05 159
1765077048528 3.41e-05 160
1765077048874 3.4000000000000007e-05 161
1765077049229 3.3900000000000004e-05 162
1765077049569 3.38e-05 163
1765077049911 3.3700000000000006e-05 164
1765077050257 3.3600000000000004e-05 165
1765077050598 3.35e-05 166
1765077050935 3.3400000000000005e-05 167
1765077051275 3.33e-05 168
1765077051631 3.32e-05 169
1765077051972 3.3100000000000005e-05 170
1765077052311 3.3e-05 171
1765077052653 3.29e-05 172
1765077052993 3.2800000000000004e-05 173
1765077053343 3.27e-05 174
1765077053687 3.26e-05 175
1765077054028 3.2500000000000004e-05 176
1765077054373 3.24e-05 177
1765077054713 3.2300000000000006e-05 178
1765077055058 3.2200000000000003e-05 179
1765077055404 3.21e-05 180
1765077055746 3.2000000000000005e-05 181
1765077056086 3.19e-05 182
1765077056430 3.18e-05 183
1765077056769 3.1700000000000005e-05 184
1765077057108 3.16e-05 185
1765077057459 3.15e-05 186
1765077057904 3.1400000000000004e-05 187
1765077058354 3.13e-05 188
1765077058781 3.12e-05 189
1765077059255 3.1100000000000004e-05 190
1765077059714 3.1e-05 191
1765077060064 3.09e-05 192
1765077060408 3.08e-05 193
1765077060768 3.07e-05 194
1765077061128 3.06e-05 195
1765077061470 3.05e-05 196
1765077061814 3.04e-05 197
1765077062187 3.03e-05 198
1765077062529 3.02e-05 199
1765077062696 3.01e-05 200
1765077066233 3e-05 201
1765077066577 2.9900000000000002e-05 202
1765077066928 2.98e-05 203
1765077067299 2.97e-05 204
1765077067662 2.96e-05 205
1765077068010 2.95e-05 206
1765077068374 2.94e-05 207
1765077068720 2.93e-05 208
1765077069065 2.9199999999999998e-05 209
1765077069433 2.91e-05 210
1765077069858 2.9e-05 211
1765077070299 2.8899999999999998e-05 212
1765077070743 2.88e-05 213
1765077071197 2.87e-05 214
1765077071658 2.86e-05 215
1765077072031 2.8499999999999998e-05 216
1765077072381 2.84e-05 217
1765077072746 2.83e-05 218
1765077073091 2.8199999999999998e-05 219
1765077073434 2.8100000000000005e-05 220
1765077073790 2.8000000000000003e-05 221
1765077074129 2.7900000000000004e-05 222
1765077074475 2.7800000000000005e-05 223
1765077074831 2.7700000000000002e-05 224
1765077075171 2.7600000000000003e-05 225
1765077075514 2.7500000000000004e-05 226
1765077075872 2.7400000000000002e-05 227
1765077076229 2.7300000000000003e-05 228
1765077076577 2.7200000000000004e-05 229
1765077076933 2.7100000000000005e-05 230
1765077077276 2.7000000000000002e-05 231
1765077077625 2.6900000000000003e-05 232
1765077077972 2.6800000000000004e-05 233
1765077078322 2.6700000000000002e-05 234
1765077078663 2.6600000000000003e-05 235
1765077079025 2.6500000000000004e-05 236
1765077079376 2.64e-05 237
1765077079732 2.6300000000000002e-05 238
1765077080073 2.6200000000000003e-05 239
1765077080417 2.61e-05 240
1765077080756 2.6000000000000002e-05 241
1765077081094 2.5900000000000003e-05 242
1765077081436 2.58e-05 243
1765077081781 2.57e-05 244
1765077082236 2.5600000000000002e-05 245
1765077082739 2.5500000000000003e-05 246
1765077083188 2.54e-05 247
1765077083643 2.5300000000000002e-05 248
1765077084107 2.5200000000000003e-05 249
1765077084272 2.51e-05 250
1765077087826 2.5e-05 251
1765077088162 2.4900000000000002e-05 252
1765077088500 2.48e-05 253
1765077088840 2.47e-05 254
1765077089186 2.46e-05 255
1765077089524 2.45e-05 256
1765077089866 2.44e-05 257
1765077090205 2.43e-05 258
1765077090551 2.4200000000000002e-05 259
1765077090888 2.41e-05 260
1765077091230 2.4e-05 261
1765077091583 2.39e-05 262
1765077091925 2.38e-05 263
1765077092275 2.37e-05 264
1765077092635 2.36e-05 265
1765077092973 2.35e-05 266
1765077093328 2.3400000000000003e-05 267
1765077093669 2.3300000000000004e-05 268
1765077094014 2.32e-05 269
1765077094467 2.3100000000000002e-05 270
1765077094899 2.3000000000000003e-05 271
1765077095331 2.29e-05 272
1765077095796 2.2800000000000002e-05 273
1765077096247 2.2700000000000003e-05 274
1765077096585 2.26e-05 275
1765077096944 2.25e-05 276
1765077097281 2.2400000000000002e-05 277
1765077097623 2.23e-05 278
1765077097960 2.22e-05 279
1765077098297 2.2100000000000002e-05 280
1765077098637 2.2000000000000003e-05 281
1765077098971 2.19e-05 282
1765077099308 2.18e-05 283
1765077099652 2.1700000000000002e-05 284
1765077099990 2.16e-05 285
1765077100324 2.15e-05 286
1765077100664 2.1400000000000002e-05 287
1765077100996 2.13e-05 288
1765077101333 2.12e-05 289
1765077101675 2.11e-05 290
1765077102018 2.1e-05 291
1765077102357 2.09e-05 292
1765077102697 2.08e-05 293
1765077103053 2.07e-05 294
1765077103391 2.06e-05 295
1765077103735 2.05e-05 296
1765077104096 2.04e-05 297
1765077104444 2.0300000000000002e-05 298
1765077104783 2.0200000000000003e-05 299
1765077104947 2.01e-05 300
1765077109245 2e-05 301
1765077109587 1.9900000000000003e-05 302
1765077109927 1.9800000000000004e-05 303
1765077110286 1.97e-05 304
1765077110624 1.9600000000000002e-05 305
1765077110957 1.9500000000000003e-05 306
1765077111313 1.94e-05 307
1765077111648 1.93e-05 308
1765077111997 1.9200000000000003e-05 309
1765077112366 1.91e-05 310
1765077112707 1.9e-05 311
1765077113047 1.8900000000000002e-05 312
1765077113404 1.88e-05 313
1765077113745 1.87e-05 314
1765077114084 1.86e-05 315
1765077114444 1.85e-05 316
1765077114785 1.84e-05 317
1765077115130 1.83e-05 318
1765077115488 1.8200000000000002e-05 319
1765077115832 1.81e-05 320
1765077116168 1.8e-05 321
1765077116524 1.79e-05 322
1765077116862 1.78e-05 323
1765077117202 1.77e-05 324
1765077117563 1.76e-05 325
1765077117902 1.75e-05 326
1765077118243 1.74e-05 327
1765077118630 1.73e-05 328
1765077119066 1.7199999999999998e-05 329
1765077119510 1.7100000000000002e-05 330
1765077119935 1.7000000000000003e-05 331
1765077120379 1.69e-05 332
1765077120803 1.6800000000000002e-05 333
1765077121144 1.6700000000000003e-05 334
1765077121488 1.66e-05 335
1765077121844 1.65e-05 336
1765077122187 1.6400000000000002e-05 337
1765077122526 1.63e-05 338
1765077122894 1.62e-05 339
1765077123232 1.6100000000000002e-05 340
1765077123570 1.6000000000000003e-05 341
1765077123926 1.59e-05 342
1765077124266 1.58e-05 343
1765077124619 1.5700000000000002e-05 344
1765077124974 1.56e-05 345
1765077125316 1.55e-05 346
1765077125659 1.54e-05 347
1765077126017 1.53e-05 348
1765077126359 1.52e-05 349
1765077126526 1.51e-05 350
1765077130082 1.5e-05 351
1765077130420 1.49e-05 352
1765077130792 1.48e-05 353
1765077131246 1.47e-05 354
1765077131682 1.4599999999999999e-05 355
1765077132106 1.45e-05 356
1765077132558 1.44e-05 357
1765077132955 1.43e-05 358
1765077133335 1.42e-05 359
1765077133674 1.4099999999999999e-05 360
1765077134016 1.4000000000000001e-05 361
1765077134382 1.3900000000000002e-05 362
1765077134726 1.3800000000000002e-05 363
1765077135072 1.3700000000000001e-05 364
1765077135431 1.3600000000000002e-05 365
1765077135778 1.3500000000000001e-05 366
1765077136119 1.3400000000000002e-05 367
1765077136477 1.3300000000000001e-05 368
1765077136814 1.32e-05 369
1765077137152 1.3100000000000002e-05 370
1765077137513 1.3000000000000001e-05 371
1765077137858 1.29e-05 372
1765077138217 1.2800000000000001e-05 373
1765077138577 1.27e-05 374
1765077138916 1.2600000000000001e-05 375
1765077139256 1.25e-05 376
1765077139613 1.24e-05 377
1765077139955 1.23e-05 378
1765077140297 1.22e-05 379
1765077140655 1.2100000000000001e-05 380
1765077140997 1.2e-05 381
1765077141353 1.19e-05 382
1765077141712 1.18e-05 383
1765077142048 1.1700000000000001e-05 384
1765077142392 1.16e-05 385
1765077142744 1.1500000000000002e-05 386
1765077143194 1.1400000000000001e-05 387
1765077143643 1.13e-05 388
1765077144063 1.1200000000000001e-05 389
1765077144504 1.11e-05 390
1765077144958 1.1000000000000001e-05 391
1765077145299 1.09e-05 392
1765077145648 1.08e-05 393
1765077145985 1.0700000000000001e-05 394
1765077146325 1.06e-05 395
1765077146661 1.05e-05 396
1765077146997 1.04e-05 397
1765077147335 1.03e-05 398
1765077147672 1.02e-05 399
1765077147837 1.0100000000000002e-05 400
1765077151389 1e-05 401
1765077151726 9.900000000000002e-06 402
1765077152077 9.800000000000001e-06 403
1765077152415 9.7e-06 404
1765077152751 9.600000000000001e-06 405
1765077153103 9.5e-06 406
1765077153447 9.4e-06 407
1765077153797 9.3e-06 408
1765077154151 9.2e-06 409
1765077154489 9.100000000000001e-06 410
1765077154833 9e-06 411
1765077155292 8.9e-06 412
1765077155727 8.8e-06 413
1765077156181 8.7e-06 414
1765077156639 8.599999999999999e-06 415
1765077157096 8.500000000000002e-06 416
1765077157437 8.400000000000001e-06 417
1765077157773 8.3e-06 418
1765077158103 8.200000000000001e-06 419
1765077158447 8.1e-06 420
1765077158786 8.000000000000001e-06 421
1765077159119 7.9e-06 422
1765077159457 7.8e-06 423
1765077159794 7.7e-06 424
1765077160131 7.6e-06 425
1765077160473 7.5e-06 426
1765077160811 7.4e-06 427
1765077161149 7.2999999999999996e-06 428
1765077161500 7.2e-06 429
1765077161850 7.1e-06 430
1765077162191 7.000000000000001e-06 431
1765077162532 6.900000000000001e-06 432
1765077162870 6.800000000000001e-06 433
1765077163207 6.700000000000001e-06 434
1765077163541 6.6e-06 435
1765077163883 6.5000000000000004e-06 436
1765077164222 6.4000000000000006e-06 437
1765077164558 6.300000000000001e-06 438
1765077164894 6.2e-06 439
1765077165235 6.1e-06 440
1765077165578 6e-06 441
1765077165914 5.9e-06 442
1765077166251 5.8e-06 443
1765077166611 5.7000000000000005e-06 444
1765077166953 5.600000000000001e-06 445
1765077167401 5.500000000000001e-06 446
1765077167858 5.4e-06 447
1765077168276 5.3e-06 448
1765077168777 5.2e-06 449
1765077168944 5.1e-06 450
1765077172592 5e-06 451
1765077172928 4.9000000000000005e-06 452
1765077173265 4.800000000000001e-06 453
1765077173606 4.7e-06 454
1765077173948 4.6e-06 455
1765077174292 4.5e-06 456
1765077174629 4.4e-06 457
1765077174965 4.2999999999999995e-06 458
1765077175298 4.2000000000000004e-06 459
1765077175636 4.1000000000000006e-06 460
1765077175970 4.000000000000001e-06 461
1765077176306 3.9e-06 462
1765077176649 3.8e-06 463
1765077177009 3.7e-06 464
1765077177351 3.6e-06 465
1765077177695 3.5000000000000004e-06 466
1765077178036 3.4000000000000005e-06 467
1765077178376 3.3e-06 468
1765077178717 3.2000000000000003e-06 469
1765077179061 3.1e-06 470
1765077179486 3e-06 471
1765077179921 2.9e-06 472
1765077180350 2.8000000000000003e-06 473
1765077180783 2.7e-06 474
1765077181257 2.6e-06 475
1765077181595 2.5e-06 476
1765077181928 2.4000000000000003e-06 477
1765077182262 2.3e-06 478
1765077182605 2.2e-06 479
1765077182942 2.1000000000000002e-06 480
1765077183278 2.0000000000000003e-06 481
1765077183617 1.9e-06 482
1765077183958 1.8e-06 483
1765077184297 1.7000000000000002e-06 484
1765077184632 1.6000000000000001e-06 485
1765077184971 1.5e-06 486
1765077185316 1.4000000000000001e-06 487
1765077185656 1.3e-06 488
1765077185991 1.2000000000000002e-06 489
1765077186341 1.1e-06 490
1765077186683 1.0000000000000002e-06 491
1765077187030 9e-07 492
1765077187397 8.000000000000001e-07 493
1765077187737 7.000000000000001e-07 494
1765077188080 6.000000000000001e-07 495
1765077188427 5.000000000000001e-07 496
1765077188765 4.0000000000000003e-07 497
1765077189106 3.0000000000000004e-07 498
1765077189453 2.0000000000000002e-07 499
1765077189619 1.0000000000000001e-07 500
