1765076981512 0.6935 1
1765076981893 0.7111 2
1765076982226 0.6941 3
1765076982563 0.716 4
1765076982913 0.7036 5
1765076983246 0.6776 6
1765076983582 0.67 7
1765076983936 0.6838 8
1765076984366 0.6751 9
1765076984810 0.6684 10
1765076985234 0.7208 11
1765076985674 0.6764 12
1765076986136 0.6791 13
1765076986534 0.6882 14
1765076986916 0.6581 15
1765076987252 0.6922 16
1765076987598 0.6628 17
1765076987954 0.6754 18
1765076988289 0.6567 19
1765076988628 0.6299 20
1765076988961 0.6492 21
1765076989301 0.6642 22
1765076989638 0.6612 23
1765076989971 0.6213 24
1765076990304 0.6275 25
1765076990645 0.6127 26
1765076990981 0.6661 27
1765076991315 0.5973 28
1765076991652 0.6324 29
1765076991991 0.6262 30
1765076992323 0.5884 31
1765076992661 0.6162 32
1765076993002 0.5613 33
1765076993346 0.5985 34
1765076993681 0.6346 35
1765076994021 0.6224 36
1765076994375 0.5822 37
1765076994716 0.5499 38
1765076995053 0.5673 39
1765076995408 0.6533 40
1765076995748 0.5793 41
1765076996086 0.5892 42
1765076996454 0.5975 43
1765076996885 0.6025 44
1765076997322 0.5474 45
1765076997745 0.5683 46
1765076998191 0.5734 47
1765076998653 0.5522 48
1765076998988 0.567 49
1765076999148 0.597 50
1765077002747 0.5573 51
1765077003082 0.5813 52
1765077003416 0.5087 53
1765077003769 0.5185 54
1765077004106 0.5286 55
1765077004444 0.5713 56
1765077004812 0.5247 57
1765077005149 0.5404 58
1765077005485 0.5535 59
1765077005842 0.4745 60
1765077006184 0.5256 61
1765077006519 0.579 62
1765077006871 0.4856 63
1765077007207 0.486 64
1765077007540 0.5722 65
1765077007891 0.4712 66
1765077008232 0.4736 67
1765077008570 0.4797 68
1765077009024 0.5967 69
1765077009471 0.5241 70
1765077009905 0.5183 71
1765077010346 0.5062 72
1765077010797 0.5292 73
1765077011136 0.4102 74
1765077011478 0.4536 75
1765077011813 0.5141 76
1765077012166 0.4526 77
1765077012505 0.5237 78
1765077012842 0.4452 79
1765077013195 0.4514 80
1765077013533 0.4851 81
1765077013872 0.4445 82
1765077014228 0.4351 83
1765077014564 0.54 84
1765077014902 0.4637 85
1765077015258 0.4365 86
1765077015595 0.419 87
1765077015934 0.443 88
1765077016297 0.3953 89
1765077016635 0.3636 90
1765077016969 0.3662 91
1765077017324 0.4442 92
1765077017661 0.3728 93
1765077018000 0.3947 94
1765077018354 0.3929 95
1765077018691 0.3775 96
1765077019025 0.3779 97
1765077019380 0.4322 98
1765077019716 0.3718 99
1765077019878 0.3436 100
1765077024139 0.352 101
1765077024483 0.4148 102
1765077024824 0.3886 103
1765077025184 0.4393 104
1765077025524 0.3773 105
1765077025867 0.3342 106
1765077026207 0.4001 107
1765077026548 0.3447 108
1765077026888 0.3425 109
1765077027231 0.3762 110
1765077027573 0.3336 111
1765077027912 0.3256 112
1765077028254 0.3102 113
1765077028595 0.3748 114
1765077028933 0.3557 115
1765077029271 0.3072 116
1765077029614 0.2826 117
1765077029958 0.3988 118
1765077030305 0.3819 119
1765077030644 0.2666 120
1765077030985 0.3716 121
1765077031322 0.2849 122
1765077031656 0.2511 123
1765077031997 0.4004 124
1765077032334 0.3045 125
1765077032672 0.3465 126
1765077033026 0.2735 127
1765077033472 0.3299 128
1765077033915 0.2718 129
1765077034338 0.346 130
1765077034780 0.3454 131
1765077035255 0.248 132
1765077035592 0.2778 133
1765077035943 0.2667 134
1765077036286 0.2206 135
1765077036624 0.3232 136
1765077036979 0.3419 137
1765077037337 0.2515 138
1765077037681 0.5352 139
1765077038030 0.2948 140
1765077038397 0.2705 141
1765077038733 0.2511 142
1765077039071 0.3176 143
1765077039415 0.2962 144
1765077039761 0.2894 145
1765077040117 0.2671 146
1765077040459 0.2835 147
1765077040793 0.2833 148
1765077041136 0.3786 149
1765077041300 0.2691 150
1765077044858 0.2282 151
1765077045199 0.3109 152
1765077045667 0.3313 153
1765077046102 0.3527 154
1765077046539 0.2589 155
1765077046987 0.2936 156
1765077047481 0.2702 157
1765077047843 0.2223 158
1765077048182 0.2896 159
1765077048528 0.248 160
1765077048874 0.2651 161
1765077049229 0.2053 162
1765077049569 0.2701 163
1765077049911 0.1791 164
1765077050257 0.2033 165
1765077050598 0.2265 166
1765077050935 0.2463 167
1765077051275 0.2222 168
1765077051631 0.1999 169
1765077051972 0.1772 170
1765077052311 0.2899 171
1765077052653 0.1737 172
1765077052993 0.21 173
1765077053343 0.2624 174
1765077053687 0.2202 175
1765077054028 0.1967 176
1765077054373 0.1906 177
1765077054713 0.2632 178
1765077055058 0.163 179
1765077055404 0.2427 180
1765077055746 0.2494 181
1765077056086 0.1728 182
1765077056430 0.1919 183
1765077056769 0.1649 184
1765077057108 0.1992 185
1765077057459 0.1816 186
1765077057904 0.1659 187
1765077058354 0.1864 188
1765077058781 0.142 189
1765077059255 0.1798 190
1765077059714 0.2164 191
1765077060064 0.1496 192
1765077060408 0.2686 193
1765077060768 0.2573 194
1765077061128 0.1928 195
1765077061470 0.2675 196
1765077061814 0.1329 197
1765077062187 0.1606 198
1765077062529 0.1811 199
1765077062696 0.2266 200
1765077066233 0.1534 201
1765077066577 0.1471 202
1765077066928 0.2299 203
1765077067299 0.201 204
1765077067662 0.1719 205
1765077068010 0.1859 206
1765077068374 0.1525 207
1765077068720 0.1488 208
1765077069065 0.175 209
1765077069433 0.1427 210
1765077069858 0.1261 211
1765077070299 0.187 212
1765077070743 0.1965 213
1765077071197 0.1601 214
1765077071658 0.1301 215
1765077072031 0.1398 216
1765077072381 0.2255 217
1765077072746 0.1316 218
1765077073091 0.152 219
1765077073434 0.1642 220
1765077073790 0.2123 221
1765077074129 0.2188 222
1765077074475 0.1228 223
1765077074831 0.1597 224
1765077075171 0.2027 225
1765077075514 0.1329 226
1765077075872 0.1032 227
1765077076229 0.3197 228
1765077076577 0.1523 229
1765077076933 0.1241 230
1765077077276 0.1328 231
1765077077625 0.1102 232
1765077077972 0.2513 233
1765077078322 0.1235 234
1765077078663 0.1636 235
1765077079025 0.1023 236
1765077079376 0.1784 237
1765077079732 0.2388 238
1765077080073 0.1116 239
1765077080417 0.122 240
1765077080756 0.1247 241
1765077081094 0.1523 242
1765077081436 0.1478 243
1765077081781 0.1265 244
1765077082236 0.1548 245
1765077082739 0.2201 246
1765077083188 0.1377 247
1765077083643 0.1349 248
1765077084107 0.1183 249
1765077084272 0.2214 250
1765077087826 0.1416 251
1765077088162 0.0985 252
1765077088500 0.0992 253
1765077088840 0.1973 254
1765077089186 0.1007 255
1765077089524 0.2233 256
1765077089866 0.2095 257
1765077090205 0.1242 258
1765077090551 0.2709 259
1765077090888 0.0947 260
1765077091230 0.1287 261
1765077091583 0.1093 262
1765077091925 0.1262 263
1765077092275 0.1711 264
1765077092635 0.0837 265
1765077092973 0.2603 266
1765077093328 0.0969 267
1765077093669 0.1126 268
1765077094014 0.1343 269
1765077094467 0.111 270
1765077094899 0.0925 271
1765077095331 0.2709 272
1765077095796 0.1052 273
1765077096247 0.1477 274
1765077096585 0.1633 275
1765077096944 0.0775 276
1765077097281 0.2423 277
1765077097623 0.0765 278
1765077097960 0.0889 279
1765077098297 0.1498 280
1765077098637 0.1401 281
1765077098971 0.1315 282
1765077099308 0.1525 283
1765077099652 0.0895 284
1765077099990 0.1183 285
1765077100324 0.1048 286
1765077100664 0.0804 287
1765077100996 0.2162 288
1765077101333 0.0946 289
1765077101675 0.2348 290
1765077102018 0.1088 291
1765077102357 0.1555 292
1765077102697 0.3155 293
1765077103053 0.1478 294
1765077103391 0.1454 295
1765077103735 0.1096 296
1765077104096 0.0907 297
1765077104444 0.1666 298
1765077104783 0.1346 299
1765077104947 0.1483 300
1765077109245 0.1105 301
1765077109587 0.078 302
1765077109927 0.082 303
1765077110286 0.1259 304
1765077110624 0.1066 305
1765077110957 0.2973 306
1765077111313 0.0899 307
1765077111648 0.0802 308
1765077111997 0.116 309
1765077112366 0.2487 310
1765077112707 0.0826 311
1765077113047 0.1157 312
1765077113404 0.0828 313
1765077113745 0.0789 314
1765077114084 0.1062 315
1765077114444 0.0852 316
1765077114785 0.0927 317
1765077115130 0.1756 318
1765077115488 0.2329 319
1765077115832 0.0664 320
1765077116168 0.0709 321
1765077116524 0.0874 322
1765077116862 0.1661 323
1765077117202 0.1216 324
1765077117563 0.1391 325
1765077117902 0.0626 326
1765077118243 0.0713 327
1765077118630 0.116 328
1765077119066 0.1184 329
1765077119510 0.0957 330
1765077119935 0.2395 331
1765077120379 0.0953 332
1765077120803 0.1718 333
1765077121144 0.3702 334
1765077121488 0.0739 335
1765077121844 0.0933 336
1765077122187 0.1048 337
1765077122526 0.1807 338
1765077122894 0.1226 339
1765077123232 0.0675 340
1765077123570 0.1043 341
1765077123926 0.1414 342
1765077124266 0.157 343
1765077124619 0.2231 344
1765077124974 0.0871 345
1765077125316 0.1089 346
1765077125659 0.0882 347
1765077126017 0.111 348
1765077126359 0.0592 349
1765077126526 0.0718 350
1765077130082 0.293 351
1765077130420 0.0611 352
1765077130792 0.1689 353
1765077131246 0.16 354
1765077131682 0.0772 355
1765077132106 0.1029 356
1765077132558 0.1148 357
1765077132955 0.097 358
1765077133335 0.0665 359
1765077133674 0.2761 360
1765077134016 0.3073 361
1765077134382 0.0832 362
1765077134726 0.0751 363
1765077135072 0.159 364
1765077135431 0.0939 365
1765077135778 0.1065 366
1765077136119 0.0854 367
1765077136477 0.0712 368
1765077136814 0.0666 369
1765077137152 0.0824 370
1765077137513 0.0665 371
1765077137858 0.0737 372
1765077138217 0.0573 373
1765077138577 0.1066 374
1765077138916 0.0788 375
1765077139256 0.0779 376
1765077139613 0.0601 377
1765077139955 0.0769 378
1765077140297 0.1151 379
1765077140655 0.0753 380
1765077140997 0.0665 381
1765077141353 0.0836 382
1765077141712 0.1647 383
1765077142048 0.0992 384
1765077142392 0.0955 385
1765077142744 0.0632 386
1765077143194 0.1082 387
1765077143643 0.0628 388
1765077144063 0.0915 389
1765077144504 0.125 390
1765077144958 0.1523 391
1765077145299 0.2014 392
1765077145648 0.1114 393
1765077145985 0.0692 394
1765077146325 0.061 395
1765077146661 0.0785 396
1765077146997 0.0824 397
1765077147335 0.0921 398
1765077147672 0.0842 399
1765077147837 0.1128 400
1765077151389 0.0825 401
1765077151726 0.0566 402
1765077152077 0.119 403
1765077152415 0.2388 404
1765077152751 0.0874 405
1765077153103 0.092 406
1765077153447 0.0737 407
1765077153797 0.0796 408
1765077154151 0.0854 409
1765077154489 0.0578 410
1765077154833 0.4423 411
1765077155292 0.059 412
1765077155727 0.0921 413
1765077156181 0.0852 414
1765077156639 0.0765 415
1765077157096 0.1541 416
1765077157437 0.0643 417
1765077157773 0.2248 418
1765077158103 0.2335 419
1765077158447 0.1823 420
1765077158786 0.0692 421
1765077159119 0.058 422
1765077159457 0.0686 423
1765077159794 0.0601 424
1765077160131 0.0859 425
1765077160473 0.1008 426
1765077160811 0.1279 427
1765077161149 0.0552 428
1765077161500 0.0625 429
1765077161850 0.1694 430
1765077162191 0.0643 431
1765077162532 0.1349 432
1765077162870 0.1836 433
1765077163207 0.0477 434
1765077163541 0.1164 435
1765077163883 0.0855 436
1765077164222 0.091 437
1765077164558 0.1083 438
1765077164894 0.0698 439
1765077165235 0.0551 440
1765077165578 0.125 441
1765077165914 0.0929 442
1765077166251 0.0991 443
1765077166611 0.058 444
1765077166953 0.1318 445
1765077167401 0.1992 446
1765077167858 0.0505 447
1765077168276 0.1206 448
1765077168777 0.0917 449
1765077168944 0.0467 450
1765077172592 0.0917 451
1765077172928 0.1322 452
1765077173265 0.0566 453
1765077173606 0.098 454
1765077173948 0.0558 455
1765077174292 0.1559 456
1765077174629 0.0859 457
1765077174965 0.1275 458
1765077175298 0.0724 459
1765077175636 0.0754 460
1765077175970 0.0822 461
1765077176306 0.0516 462
1765077176649 0.0536 463
1765077177009 0.0692 464
1765077177351 0.0659 465
1765077177695 0.0637 466
1765077178036 0.0741 467
1765077178376 0.0543 468
1765077178717 0.1283 469
1765077179061 0.126 470
1765077179486 0.0443 471
1765077179921 0.0903 472
1765077180350 0.1018 473
1765077180783 0.0468 474
1765077181257 0.2352 475
1765077181595 0.1886 476
1765077181928 0.0748 477
1765077182262 0.0759 478
1765077182605 0.0556 479
1765077182942 0.0461 480
1765077183278 0.0782 481
1765077183617 0.0732 482
1765077183958 0.0538 483
1765077184297 0.0516 484
1765077184632 0.0698 485
1765077184971 0.0526 486
1765077185316 0.1065 487
1765077185656 0.1294 488
1765077185991 0.0791 489
1765077186341 0.0583 490
1765077186683 0.0554 491
1765077187030 0.1727 492
1765077187397 0.1178 493
1765077187737 0.0565 494
1765077188080 0.0522 495
1765077188427 0.0496 496
1765077188765 0.0735 497
1765077189106 0.1639 498
1765077189453 0.0479 499
1765077189619 0.1181 500
