1765048188094 0.02 1
1765048188474 0.04 2
1765048188810 0.06 3
1765048189149 0.08 4
1765048189499 0.1 5
1765048189938 0.12 6
1765048190389 0.14 7
1765048190807 0.16 8
1765048191247 0.18 9
1765048191716 0.2 10
1765048192053 0.22 11
1765048192394 0.24 12
1765048192745 0.26 13
1765048193079 0.28 14
1765048193416 0.3 15
1765048193764 0.32 16
1765048194099 0.34 17
1765048194440 0.36 18
1765048194792 0.38 19
1765048195131 0.4 20
1765048195472 0.42 21
1765048195825 0.44 22
1765048196161 0.46 23
1765048196503 0.48 24
1765048196868 0.5 25
1765048197204 0.52 26
1765048197546 0.54 27
1765048197902 0.56 28
1765048198238 0.58 29
1765048198574 0.6 30
1765048198928 0.62 31
1765048199263 0.64 32
1765048199603 0.66 33
1765048199957 0.68 34
1765048200293 0.7 35
1765048200632 0.72 36
1765048200988 0.74 37
1765048201322 0.76 38
1765048201662 0.78 39
1765048202107 0.8 40
1765048202544 0.82 41
1765048202970 0.84 42
1765048203414 0.86 43
1765048203877 0.88 44
1765048204259 0.9 45
1765048204598 0.92 46
1765048204941 0.94 47
1765048205297 0.96 48
1765048205638 0.98 49
1765048205800 1.0 50
1765048208786 1.0 50
1765048209481 1.02 51
1765048209815 1.04 52
1765048210154 1.06 53
1765048210512 1.08 54
1765048210850 1.1 55
1765048211188 1.12 56
1765048211539 1.1400000000000001 57
1765048211875 1.16 58
1765048212213 1.18 59
1765048212564 1.2 60
1765048212903 1.22 61
1765048213242 1.24 62
1765048213601 1.26 63
1765048213941 1.28 64
1765048214369 1.3 65
1765048214812 1.32 66
1765048215233 1.34 67
1765048215690 1.3599999999999999 68
1765048216156 1.38 69
1765048216521 1.4 70
1765048216858 1.42 71
1765048217203 1.44 72
1765048217543 1.46 73
1765048217884 1.48 74
1765048218222 1.5 75
1765048218567 1.52 76
1765048218911 1.54 77
1765048219250 1.56 78
1765048219597 1.58 79
1765048219936 1.6 80
1765048220274 1.62 81
1765048220620 1.6400000000000001 82
1765048220978 1.6600000000000001 83
1765048221338 1.6800000000000002 84
1765048221697 1.7 85
1765048222068 1.72 86
1765048222433 1.74 87
1765048222772 1.76 88
1765048223113 1.78 89
1765048223454 1.8 90
1765048223795 1.8199999999999998 91
1765048224135 1.8399999999999999 92
1765048224478 1.8599999999999999 93
1765048224816 1.88 94
1765048225156 1.9 95
1765048225498 1.92 96
1765048225837 1.94 97
1765048226180 1.96 98
1765048226622 1.98 99
1765048226792 2.0 100
1765048230246 2.0 100
1765048230930 2.02 101
1765048231288 2.04 102
1765048231640 2.06 103
1765048231983 2.08 104
1765048232356 2.1 105
1765048232703 2.12 106
1765048233042 2.14 107
1765048233400 2.16 108
1765048233739 2.18 109
1765048234080 2.2 110
1765048234439 2.22 111
1765048234780 2.24 112
1765048235126 2.26 113
1765048235510 2.2800000000000002 114
1765048235851 2.3 115
1765048236193 2.32 116
1765048236556 2.34 117
1765048236898 2.36 118
1765048237240 2.38 119
1765048237619 2.4 120
1765048237964 2.42 121
1765048238309 2.44 122
1765048238734 2.46 123
1765048239168 2.48 124
1765048239614 2.5 125
1765048240048 2.52 126
1765048240510 2.54 127
1765048240875 2.56 128
1765048241217 2.58 129
1765048241560 2.6 130
1765048241906 2.62 131
1765048242250 2.64 132
1765048242595 2.66 133
1765048242941 2.68 134
1765048243283 2.7 135
1765048243631 2.7199999999999998 136
1765048243974 2.74 137
1765048244312 2.76 138
1765048244657 2.7800000000000002 139
1765048245001 2.8 140
1765048245343 2.82 141
1765048245691 2.84 142
1765048246035 2.86 143
1765048246378 2.88 144
1765048246723 2.9 145
1765048247083 2.92 146
1765048247452 2.94 147
1765048247813 2.96 148
1765048248159 2.98 149
1765048248326 3.0 150
1765048251457 3.0 150
1765048252446 3.02 151
1765048252906 3.04 152
1765048253266 3.06 153
1765048253610 3.08 154
1765048253954 3.1 155
1765048254312 3.12 156
1765048254661 3.14 157
1765048255006 3.16 158
1765048255365 3.18 159
1765048255715 3.2 160
1765048256060 3.22 161
1765048256421 3.24 162
1765048256765 3.26 163
1765048257114 3.2800000000000002 164
1765048257474 3.3 165
1765048257819 3.32 166
1765048258182 3.34 167
1765048258535 3.36 168
1765048258883 3.38 169
1765048259231 3.4 170
1765048259571 3.42 171
1765048259915 3.44 172
1765048260263 3.46 173
1765048260606 3.48 174
1765048260952 3.5 175
1765048261300 3.52 176
1765048261650 3.54 177
1765048261997 3.56 178
1765048262340 3.58 179
1765048262685 3.6 180
1765048263100 3.62 181
1765048263548 3.64 182
1765048263982 3.66 183
1765048264427 3.68 184
1765048264901 3.7 185
1765048265246 3.7199999999999998 186
1765048265606 3.74 187
1765048265956 3.76 188
1765048266298 3.7800000000000002 189
1765048266646 3.8 190
1765048266990 3.82 191
1765048267335 3.84 192
1765048267689 3.86 193
1765048268308 3.88 194
1765048268649 3.9 195
1765048268993 3.92 196
1765048269336 3.94 197
1765048269684 3.96 198
1765048270028 3.98 199
1765048270196 4.0 200
1765048273134 4.0 200
1765048273855 4.02 201
1765048274200 4.04 202
1765048274541 4.06 203
1765048274887 4.08 204
1765048275337 4.1 205
1765048275774 4.12 206
1765048276207 4.14 207
1765048276654 4.16 208
1765048277123 4.18 209
1765048277467 4.2 210
1765048277812 4.22 211
1765048278174 4.24 212
1765048278531 4.26 213
1765048278878 4.28 214
1765048279239 4.3 215
1765048279580 4.32 216
1765048279924 4.34 217
1765048280282 4.36 218
1765048280626 4.38 219
1765048280968 4.4 220
1765048281326 4.42 221
1765048281670 4.44 222
1765048282015 4.46 223
1765048282386 4.48 224
1765048282729 4.5 225
1765048283074 4.52 226
1765048283434 4.54 227
1765048283776 4.5600000000000005 228
1765048284120 4.58 229
1765048284478 4.6 230
1765048284822 4.62 231
1765048285165 4.64 232
1765048285526 4.66 233
1765048285871 4.68 234
1765048286213 4.7 235
1765048286569 4.72 236
1765048286917 4.74 237
1765048287302 4.76 238
1765048287746 4.78 239
1765048288185 4.8 240
1765048288629 4.82 241
1765048289122 4.84 242
1765048289531 4.86 243
1765048289875 4.88 244
1765048290220 4.9 245
1765048290563 4.92 246
1765048290910 4.9399999999999995 247
1765048291251 4.96 248
1765048291595 4.98 249
1765048291758 5.0 250
1765048294630 5.0 250
1765048295314 5.02 251
1765048295661 5.04 252
1765048296005 5.06 253
1765048296344 5.08 254
1765048296692 5.1 255
1765048297033 5.12 256
1765048297377 5.14 257
1765048297723 5.16 258
1765048298067 5.18 259
1765048298412 5.2 260
1765048298761 5.22 261
1765048299109 5.24 262
1765048299463 5.26 263
1765048299896 5.28 264
1765048300335 5.3 265
1765048300760 5.32 266
1765048301217 5.34 267
1765048301643 5.36 268
1765048301987 5.38 269
1765048302325 5.4 270
1765048302671 5.42 271
1765048303013 5.44 272
1765048303354 5.46 273
1765048303698 5.48 274
1765048304041 5.5 275
1765048304388 5.52 276
1765048304731 5.54 277
1765048305072 5.5600000000000005 278
1765048305414 5.58 279
1765048305759 5.6 280
1765048306100 5.62 281
1765048306443 5.64 282
1765048306782 5.66 283
1765048307127 5.68 284
1765048307471 5.7 285
1765048307813 5.72 286
1765048308152 5.74 287
1765048308494 5.76 288
1765048308839 5.78 289
1765048309181 5.8 290
1765048309524 5.82 291
1765048309868 5.84 292
1765048310212 5.86 293
1765048310556 5.88 294
1765048310900 5.9 295
1765048311243 5.92 296
1765048311589 5.9399999999999995 297
1765048312029 5.96 298
1765048312481 5.98 299
1765048312650 6.0 300
1765048315903 6.0 300
1765048316599 6.02 301
1765048316944 6.04 302
1765048317294 6.06 303
1765048317646 6.08 304
1765048317991 6.1 305
1765048318336 6.12 306
1765048318682 6.14 307
1765048319028 6.16 308
1765048319373 6.18 309
1765048319717 6.2 310
1765048320061 6.22 311
1765048320404 6.24 312
1765048320753 6.26 313
1765048321098 6.28 314
1765048321454 6.3 315
1765048321797 6.32 316
1765048322143 6.34 317
1765048322486 6.36 318
1765048322824 6.38 319
1765048323168 6.4 320
1765048323515 6.42 321
1765048323860 6.44 322
1765048324295 6.46 323
1765048324730 6.48 324
1765048325167 6.5 325
1765048325627 6.52 326
1765048326126 6.54 327
1765048326467 6.5600000000000005 328
1765048326805 6.58 329
1765048327183 6.6 330
1765048327527 6.62 331
1765048327871 6.64 332
1765048328228 6.66 333
1765048328568 6.68 334
1765048328913 6.7 335
1765048329274 6.72 336
1765048329618 6.74 337
1765048329963 6.76 338
1765048330328 6.78 339
1765048330669 6.8 340
1765048331017 6.82 341
1765048331374 6.84 342
1765048331717 6.86 343
1765048332067 6.88 344
1765048332426 6.9 345
1765048332784 6.92 346
1765048333129 6.9399999999999995 347
1765048333491 6.96 348
1765048333833 6.98 349
1765048334001 7.0 350
1765048337235 7.0 350
1765048338242 7.02 351
1765048338594 7.04 352
1765048338937 7.06 353
1765048339278 7.08 354
1765048339635 7.1 355
1765048339980 7.12 356
1765048340320 7.14 357
1765048340677 7.16 358
1765048341043 7.18 359
1765048341387 7.2 360
1765048341747 7.22 361
1765048342102 7.24 362
1765048342448 7.26 363
1765048342808 7.28 364
1765048343155 7.3 365
1765048343500 7.32 366
1765048343861 7.34 367
1765048344204 7.36 368
1765048344544 7.38 369
1765048344904 7.4 370
1765048345252 7.42 371
1765048345594 7.44 372
1765048345956 7.46 373
1765048346297 7.48 374
1765048346644 7.5 375
1765048347006 7.52 376
1765048347377 7.54 377
1765048347727 7.5600000000000005 378
1765048348093 7.58 379
1765048348552 7.6 380
1765048349000 7.62 381
1765048349425 7.64 382
1765048349877 7.66 383
1765048350345 7.68 384
1765048350695 7.7 385
1765048351039 7.72 386
1765048351385 7.74 387
1765048351729 7.76 388
1765048352074 7.78 389
1765048352420 7.8 390
1765048352762 7.82 391
1765048353107 7.84 392
1765048353453 7.86 393
1765048353793 7.88 394
1765048354134 7.9 395
1765048354480 7.92 396
1765048354823 7.9399999999999995 397
1765048355168 7.96 398
1765048355515 7.98 399
1765048355682 8.0 400
1765048358597 8.0 400
1765048359286 8.02 401
1765048359634 8.04 402
1765048359980 8.06 403
1765048360326 8.08 404
1765048360765 8.1 405
1765048361224 8.12 406
1765048361690 8.14 407
1765048362142 8.16 408
1765048362535 8.18 409
1765048362878 8.2 410
1765048363221 8.22 411
1765048363567 8.24 412
1765048363911 8.26 413
1765048364260 8.28 414
1765048364602 8.3 415
1765048364944 8.32 416
1765048365286 8.34 417
1765048365631 8.36 418
1765048365976 8.38 419
1765048366319 8.4 420
1765048366670 8.42 421
1765048367015 8.44 422
1765048367364 8.46 423
1765048367710 8.48 424
1765048368054 8.5 425
1765048368397 8.52 426
1765048368740 8.54 427
1765048369081 8.56 428
1765048369427 8.58 429
1765048369784 8.6 430
1765048370141 8.62 431
1765048370488 8.64 432
1765048370830 8.66 433
1765048371174 8.68 434
1765048371535 8.7 435
1765048371881 8.72 436
1765048372225 8.74 437
1765048372660 8.76 438
1765048373107 8.78 439
1765048373537 8.8 440
1765048373985 8.82 441
1765048374442 8.84 442
1765048374784 8.86 443
1765048375142 8.88 444
1765048375485 8.9 445
1765048375824 8.92 446
1765048376189 8.94 447
1765048376531 8.96 448
1765048376876 8.98 449
1765048377045 9.0 450
1765048379945 9.0 450
1765048380655 9.02 451
1765048380998 9.04 452
1765048381355 9.06 453
1765048381711 9.08 454
1765048382092 9.1 455
1765048382482 9.12 456
1765048382824 9.14 457
1765048383176 9.16 458
1765048383541 9.18 459
1765048383890 9.2 460
1765048384235 9.22 461
1765048384680 9.24 462
1765048385130 9.26 463
1765048385589 9.28 464
1765048386039 9.3 465
1765048386503 9.32 466
1765048386849 9.34 467
1765048387201 9.36 468
1765048387545 9.38 469
1765048387892 9.4 470
1765048388246 9.42 471
1765048388594 9.44 472
1765048388939 9.46 473
1765048389284 9.48 474
1765048389636 9.5 475
1765048389981 9.52 476
1765048390330 9.54 477
1765048390681 9.56 478
1765048391026 9.58 479
1765048391374 9.6 480
1765048391719 9.62 481
1765048392081 9.64 482
1765048392430 9.66 483
1765048392789 9.68 484
1765048393139 9.7 485
1765048393503 9.72 486
1765048393862 9.74 487
1765048394205 9.76 488
1765048394550 9.78 489
1765048394907 9.8 490
1765048395252 9.82 491
1765048395596 9.84 492
1765048395955 9.86 493
1765048396296 9.88 494
1765048396673 9.9 495
1765048397124 9.92 496
1765048397570 9.94 497
1765048398006 9.96 498
1765048398454 9.98 499
1765048398625 10.0 500
1765048401514 10.0 500
1765048401708 10.0 500
