1765048188094 1.0742603540420532 1
1765048188474 1.3427138328552246 2
1765048188810 1.2653639316558838 3
1765048189149 1.1717044115066528 4
1765048189499 1.2413033246994019 5
1765048189938 1.208947777748108 6
1765048190389 1.3457832336425781 7
1765048190807 1.682216763496399 8
1765048191247 1.2234243154525757 9
1765048191716 1.2515968084335327 10
1765048192053 1.4399019479751587 11
1765048192394 1.8077954053878784 12
1765048192745 1.1773351430892944 13
1765048193079 1.6098453998565674 14
1765048193416 1.0652358531951904 15
1765048193764 1.183188796043396 16
1765048194099 1.4043242931365967 17
1765048194440 1.3906341791152954 18
1765048194792 1.8111648559570312 19
1765048195131 1.387746810913086 20
1765048195472 1.5209249258041382 21
1765048195825 1.1620457172393799 22
1765048196161 1.5497727394104004 23
1765048196503 1.2383450269699097 24
1765048196868 1.4724946022033691 25
1765048197204 1.4232484102249146 26
1765048197546 1.348345160484314 27
1765048197902 1.3558497428894043 28
1765048198238 1.3237348794937134 29
1765048198574 1.2757337093353271 30
1765048198928 1.2537803649902344 31
1765048199263 1.9187465906143188 32
1765048199603 1.2647677659988403 33
1765048199957 1.288159966468811 34
1765048200293 1.5094704627990723 35
1765048200632 1.7575236558914185 36
1765048200988 1.5241222381591797 37
1765048201322 2.7125208377838135 38
1765048201662 1.3204385042190552 39
1765048202107 1.4039381742477417 40
1765048202544 1.5283244848251343 41
1765048202970 1.3397098779678345 42
1765048203414 1.7691738605499268 43
1765048203877 1.2296229600906372 44
1765048204259 1.4543546438217163 45
1765048204598 1.7157952785491943 46
1765048204941 1.5662083625793457 47
1765048205297 1.677802324295044 48
1765048205638 1.5287545919418335 49
1765048205800 1.6277801990509033 50
1765048209481 1.6857949495315552 51
1765048209815 1.5931979417800903 52
1765048210154 1.2053462266921997 53
1765048210512 1.290726900100708 54
1765048210850 1.422669768333435 55
1765048211188 1.5114747285842896 56
1765048211539 1.5014970302581787 57
1765048211875 1.5869415998458862 58
1765048212213 1.5869237184524536 59
1765048212564 2.1555442810058594 60
1765048212903 1.3290550708770752 61
1765048213242 1.2959879636764526 62
1765048213601 1.3303873538970947 63
1765048213941 1.7070724964141846 64
1765048214369 1.7469295263290405 65
1765048214812 1.3942086696624756 66
1765048215233 1.3785580396652222 67
1765048215690 1.5039010047912598 68
1765048216156 1.4392967224121094 69
1765048216521 1.1782541275024414 70
1765048216858 1.8133405447006226 71
1765048217203 1.0209553241729736 72
1765048217543 1.1501065492630005 73
1765048217884 1.3360459804534912 74
1765048218222 1.2434298992156982 75
1765048218567 1.4630098342895508 76
1765048218911 1.3804783821105957 77
1765048219250 1.5869308710098267 78
1765048219597 1.43393874168396 79
1765048219936 3.8989996910095215 80
1765048220274 2.1642587184906006 81
1765048220620 1.5384762287139893 82
1765048220978 1.8774322271347046 83
1765048221338 1.1543413400650024 84
1765048221697 1.2583131790161133 85
1765048222068 2.2170791625976562 86
1765048222433 1.6184377670288086 87
1765048222772 1.2951254844665527 88
1765048223113 1.297792673110962 89
1765048223454 1.1317734718322754 90
1765048223795 1.0901718139648438 91
1765048224135 1.8877449035644531 92
1765048224478 1.4044116735458374 93
1765048224816 1.6382911205291748 94
1765048225156 2.0912787914276123 95
1765048225498 1.500033974647522 96
1765048225837 1.4690907001495361 97
1765048226180 1.1660832166671753 98
1765048226622 1.5736145973205566 99
1765048226792 1.9130430221557617 100
1765048230930 1.8576699495315552 101
1765048231288 1.9378093481063843 102
1765048231640 1.7226231098175049 103
1765048231983 1.2374932765960693 104
1765048232356 1.3752057552337646 105
1765048232703 1.7166681289672852 106
1765048233042 2.264218330383301 107
1765048233400 3.350525379180908 108
1765048233739 2.321850299835205 109
1765048234080 1.9702390432357788 110
1765048234439 1.4813628196716309 111
1765048234780 1.4871984720230103 112
1765048235126 1.200695276260376 113
1765048235510 3.000483274459839 114
1765048235851 1.548994779586792 115
1765048236193 1.2664902210235596 116
1765048236556 1.1895182132720947 117
1765048236898 1.885358214378357 118
1765048237240 1.5289775133132935 119
1765048237619 1.7594540119171143 120
1765048237964 1.510288119316101 121
1765048238309 1.7366677522659302 122
1765048238734 1.0397411584854126 123
1765048239168 1.5300124883651733 124
1765048239614 2.5074493885040283 125
1765048240048 1.8597192764282227 126
1765048240510 1.0290396213531494 127
1765048240875 1.0256223678588867 128
1765048241217 2.1162993907928467 129
1765048241560 1.348462462425232 130
1765048241906 1.1426852941513062 131
1765048242250 1.7983733415603638 132
1765048242595 1.89092218875885 133
1765048242941 1.3729701042175293 134
1765048243283 1.3718678951263428 135
1765048243631 2.1204745769500732 136
1765048243974 1.861595630645752 137
1765048244312 0.990012526512146 138
1765048244657 2.7249860763549805 139
1765048245001 2.320847272872925 140
1765048245343 1.106755018234253 141
1765048245691 1.102266788482666 142
1765048246035 2.0682997703552246 143
1765048246378 3.0876688957214355 144
1765048246723 1.6983604431152344 145
1765048247083 1.0449045896530151 146
1765048247452 1.970332384109497 147
1765048247813 2.0749411582946777 148
1765048248159 4.99137544631958 149
1765048248326 2.076821804046631 150
1765048252446 1.1981072425842285 151
1765048252906 1.2887846231460571 152
1765048253266 1.9075045585632324 153
1765048253610 1.5721936225891113 154
1765048253954 2.5363924503326416 155
1765048254312 1.5057350397109985 156
1765048254661 1.566502571105957 157
1765048255006 3.012286901473999 158
1765048255365 1.6035752296447754 159
1765048255715 1.2246370315551758 160
1765048256060 1.6593449115753174 161
1765048256421 1.5047105550765991 162
1765048256765 1.0453161001205444 163
1765048257114 2.119101047515869 164
1765048257474 3.3791098594665527 165
1765048257819 2.183789014816284 166
1765048258182 1.4702470302581787 167
1765048258535 1.1247888803482056 168
1765048258883 1.6870989799499512 169
1765048259231 2.5285675525665283 170
1765048259571 1.4096109867095947 171
1765048259915 1.512585163116455 172
1765048260263 4.174952507019043 173
1765048260606 1.6285570859909058 174
1765048260952 3.139500141143799 175
1765048261300 0.8704395294189453 176
1765048261650 1.7198542356491089 177
1765048261997 2.5730090141296387 178
1765048262340 1.3330684900283813 179
1765048262685 1.4408385753631592 180
1765048263100 0.974412202835083 181
1765048263548 2.3692119121551514 182
1765048263982 0.8914610147476196 183
1765048264427 1.0958799123764038 184
1765048264901 3.022113561630249 185
1765048265246 3.2664313316345215 186
1765048265606 0.8846961259841919 187
1765048265956 2.756068229675293 188
1765048266298 2.8091893196105957 189
1765048266646 1.2960541248321533 190
1765048266990 2.956871509552002 191
1765048267335 3.1077773571014404 192
1765048267689 2.0185751914978027 193
1765048268308 2.5546224117279053 194
1765048268649 2.449136257171631 195
1765048268993 1.3305555582046509 196
1765048269336 2.324413776397705 197
1765048269684 1.259018063545227 198
1765048270028 1.1698057651519775 199
1765048270196 1.80814528465271 200
1765048273855 0.726844072341919 201
1765048274200 0.8521301746368408 202
1765048274541 2.7418315410614014 203
1765048274887 0.9254804849624634 204
1765048275337 1.0404701232910156 205
1765048275774 1.5622503757476807 206
1765048276207 1.6483334302902222 207
1765048276654 1.5970799922943115 208
1765048277123 1.0030523538589478 209
1765048277467 1.103909969329834 210
1765048277812 2.2493438720703125 211
1765048278174 1.8905984163284302 212
1765048278531 1.49724543094635 213
1765048278878 4.156349182128906 214
1765048279239 3.5257625579833984 215
1765048279580 3.1182701587677 216
1765048279924 2.1034095287323 217
1765048280282 2.0692942142486572 218
1765048280626 4.113511085510254 219
1765048280968 2.4945075511932373 220
1765048281326 1.2851369380950928 221
1765048281670 1.745261549949646 222
1765048282015 1.1664187908172607 223
1765048282386 1.7282477617263794 224
1765048282729 3.418957233428955 225
1765048283074 0.7572188973426819 226
1765048283434 1.5664682388305664 227
1765048283776 2.3282222747802734 228
1765048284120 3.0348293781280518 229
1765048284478 3.0390703678131104 230
1765048284822 2.5410988330841064 231
1765048285165 2.083606004714966 232
1765048285526 1.024160623550415 233
1765048285871 1.0842698812484741 234
1765048286213 0.6504650115966797 235
1765048286569 0.546826183795929 236
1765048286917 0.5951492786407471 237
1765048287302 0.9463661909103394 238
1765048287746 5.001781940460205 239
1765048288185 2.7481064796447754 240
1765048288629 2.2639904022216797 241
1765048289122 2.1802175045013428 242
1765048289531 7.506997108459473 243
1765048289875 0.5328463912010193 244
1765048290220 1.6301697492599487 245
1765048290563 3.8174374103546143 246
1765048290910 3.6519381999969482 247
1765048291251 0.8942875266075134 248
1765048291595 3.21885347366333 249
1765048291758 2.681558132171631 250
1765048295314 2.4567277431488037 251
1765048295661 0.47718825936317444 252
1765048296005 0.6385378241539001 253
1765048296344 0.9183021187782288 254
1765048296692 0.4858199954032898 255
1765048297033 2.2020907402038574 256
1765048297377 1.4031420946121216 257
1765048297723 2.035820484161377 258
1765048298067 1.8267663717269897 259
1765048298412 0.4517444372177124 260
1765048298761 2.1038806438446045 261
1765048299109 2.0005276203155518 262
1765048299463 3.1224987506866455 263
1765048299896 1.063141942024231 264
1765048300335 0.905636727809906 265
1765048300760 3.2359259128570557 266
1765048301217 2.9898734092712402 267
1765048301643 4.6408514976501465 268
1765048301987 1.5336519479751587 269
1765048302325 0.6009613871574402 270
1765048302671 0.7177792191505432 271
1765048303013 2.8301467895507812 272
1765048303354 1.0181853771209717 273
1765048303698 4.071540355682373 274
1765048304041 3.4455440044403076 275
1765048304388 0.932632565498352 276
1765048304731 7.744237899780273 277
1765048305072 3.2924318313598633 278
1765048305414 2.424671173095703 279
1765048305759 1.2722469568252563 280
1765048306100 3.2474734783172607 281
1765048306443 2.2940690517425537 282
1765048306782 3.575838088989258 283
1765048307127 0.40658456087112427 284
1765048307471 0.5879426598548889 285
1765048307813 0.9833871722221375 286
1765048308152 3.1454813480377197 287
1765048308494 2.385004758834839 288
1765048308839 1.6858856678009033 289
1765048309181 3.5201239585876465 290
1765048309524 2.2635867595672607 291
1765048309868 2.489694356918335 292
1765048310212 4.758141040802002 293
1765048310556 1.1289955377578735 294
1765048310900 2.1042070388793945 295
1765048311243 0.7511293888092041 296
1765048311589 0.5712486505508423 297
1765048312029 3.733858823776245 298
1765048312481 11.094765663146973 299
1765048312650 4.412206649780273 300
1765048316599 0.49048614501953125 301
1765048316944 0.502727210521698 302
1765048317294 2.1836819648742676 303
1765048317646 0.9830948114395142 304
1765048317991 0.9025284647941589 305
1765048318336 3.0261917114257812 306
1765048318682 0.9586389064788818 307
1765048319028 3.367227554321289 308
1765048319373 1.335689902305603 309
1765048319717 0.7391893863677979 310
1765048320061 2.1173255443573 311
1765048320404 0.9610985517501831 312
1765048320753 0.6164759397506714 313
1765048321098 0.8858695030212402 314
1765048321454 4.000638484954834 315
1765048321797 3.6564064025878906 316
1765048322143 0.5241159200668335 317
1765048322486 10.121257781982422 318
1765048322824 4.038039684295654 319
1765048323168 1.3195542097091675 320
1765048323515 4.4701690673828125 321
1765048323860 0.4447856843471527 322
1765048324295 1.0981638431549072 323
1765048324730 1.1768237352371216 324
1765048325167 2.7433698177337646 325
1765048325627 0.7787233591079712 326
1765048326126 0.5993708372116089 327
1765048326467 1.2057567834854126 328
1765048326805 1.2190190553665161 329
1765048327183 2.738673448562622 330
1765048327527 3.412536382675171 331
1765048327871 0.5517167448997498 332
1765048328228 0.9344995021820068 333
1765048328568 4.886620044708252 334
1765048328913 3.1979920864105225 335
1765048329274 0.5448536276817322 336
1765048329618 0.5012656450271606 337
1765048329963 3.2741024494171143 338
1765048330328 3.3120663166046143 339
1765048330669 1.2554471492767334 340
1765048331017 3.345134735107422 341
1765048331374 3.4069793224334717 342
1765048331717 5.646734714508057 343
1765048332067 0.7080670595169067 344
1765048332426 0.4501646161079407 345
1765048332784 0.43370792269706726 346
1765048333129 1.3164578676223755 347
1765048333491 0.6328291893005371 348
1765048333833 2.149226665496826 349
1765048334001 1.3594330549240112 350
1765048338242 7.11663293838501 351
1765048338594 0.6127657294273376 352
1765048338937 1.077621340751648 353
1765048339278 3.3443355560302734 354
1765048339635 1.6977235078811646 355
1765048339980 0.4350344240665436 356
1765048340320 2.800196409225464 357
1765048340677 0.45187458395957947 358
1765048341043 2.493666648864746 359
1765048341387 1.4967446327209473 360
1765048341747 2.0530436038970947 361
1765048342102 1.099147915840149 362
1765048342448 0.35104602575302124 363
1765048342808 2.413944721221924 364
1765048343155 0.49200117588043213 365
1765048343500 3.86496901512146 366
1765048343861 3.5030391216278076 367
1765048344204 8.343469619750977 368
1765048344544 1.4349653720855713 369
1765048344904 2.4513065814971924 370
1765048345252 0.6934967041015625 371
1765048345594 5.935046672821045 372
1765048345956 0.45438823103904724 373
1765048346297 6.297375202178955 374
1765048346644 1.090315341949463 375
1765048347006 0.44586408138275146 376
1765048347377 0.7634095549583435 377
1765048347727 0.4227873682975769 378
1765048348093 3.806580066680908 379
1765048348552 0.880571722984314 380
1765048349000 3.651937246322632 381
1765048349425 1.4855842590332031 382
1765048349877 1.5278793573379517 383
1765048350345 1.9507256746292114 384
1765048350695 0.41799184679985046 385
1765048351039 0.5373198390007019 386
1765048351385 3.9415318965911865 387
1765048351729 0.7207555770874023 388
1765048352074 0.4325706660747528 389
1765048352420 0.5063447952270508 390
1765048352762 1.7948745489120483 391
1765048353107 1.6395552158355713 392
1765048353453 0.6743356585502625 393
1765048353793 1.2740787267684937 394
1765048354134 0.8195615410804749 395
1765048354480 1.224137544631958 396
1765048354823 1.1950182914733887 397
1765048355168 1.5876407623291016 398
1765048355515 1.918711543083191 399
1765048355682 1.872680425643921 400
1765048359286 0.4505130350589752 401
1765048359634 0.3393228054046631 402
1765048359980 0.5935729742050171 403
1765048360326 6.263288974761963 404
1765048360765 1.2670270204544067 405
1765048361224 0.8497455716133118 406
1765048361690 2.243778944015503 407
1765048362142 1.4726231098175049 408
1765048362535 2.2898142337799072 409
1765048362878 0.5140363574028015 410
1765048363221 8.234339714050293 411
1765048363567 0.8645143508911133 412
1765048363911 0.41755738854408264 413
1765048364260 0.590456485748291 414
1765048364602 1.4374043941497803 415
1765048364944 0.6292288303375244 416
1765048365286 1.6101434230804443 417
1765048365631 1.4904727935791016 418
1765048365976 4.9403510093688965 419
1765048366319 2.319916009902954 420
1765048366670 1.743085503578186 421
1765048367015 1.5551525354385376 422
1765048367364 1.0886582136154175 423
1765048367710 2.1698269844055176 424
1765048368054 0.9905582666397095 425
1765048368397 0.3959634602069855 426
1765048368740 1.58628249168396 427
1765048369081 1.4464060068130493 428
1765048369427 0.7208186388015747 429
1765048369784 1.0247933864593506 430
1765048370141 0.4316396713256836 431
1765048370488 13.330202102661133 432
1765048370830 3.43753719329834 433
1765048371174 0.5644230842590332 434
1765048371535 2.145946741104126 435
1765048371881 0.5290926098823547 436
1765048372225 3.0601868629455566 437
1765048372660 1.9204553365707397 438
1765048373107 1.2198491096496582 439
1765048373537 0.3196714222431183 440
1765048373985 0.42431795597076416 441
1765048374442 1.1606566905975342 442
1765048374784 5.769590854644775 443
1765048375142 0.5243456959724426 444
1765048375485 1.419745683670044 445
1765048375824 2.2635273933410645 446
1765048376189 0.9162482619285583 447
1765048376531 7.117717266082764 448
1765048376876 2.3457272052764893 449
1765048377045 0.9209569692611694 450
1765048380655 3.62713623046875 451
1765048380998 3.590275526046753 452
1765048381355 0.6990761160850525 453
1765048381711 0.33846694231033325 454
1765048382092 1.6630127429962158 455
1765048382482 3.255902051925659 456
1765048382824 0.3855815827846527 457
1765048383176 0.3989207446575165 458
1765048383541 0.3290402591228485 459
1765048383890 3.6699533462524414 460
1765048384235 0.8854190111160278 461
1765048384680 0.404805988073349 462
1765048385130 0.47257813811302185 463
1765048385589 0.6693866848945618 464
1765048386039 0.36018043756484985 465
1765048386503 0.8987697958946228 466
1765048386849 0.7085236310958862 467
1765048387201 0.5096623301506042 468
1765048387545 1.2250272035598755 469
1765048387892 2.6895971298217773 470
1765048388246 2.502527952194214 471
1765048388594 0.6404526829719543 472
1765048388939 0.34983646869659424 473
1765048389284 1.3952293395996094 474
1765048389636 9.558500289916992 475
1765048389981 4.00611686706543 476
1765048390330 1.9889206886291504 477
1765048390681 1.7155357599258423 478
1765048391026 1.5573909282684326 479
1765048391374 0.7931436896324158 480
1765048391719 2.5766074657440186 481
1765048392081 3.5792737007141113 482
1765048392430 1.1494507789611816 483
1765048392789 0.6654736399650574 484
1765048393139 0.4891110360622406 485
1765048393503 0.5978183150291443 486
1765048393862 1.371191143989563 487
1765048394205 2.162282943725586 488
1765048394550 0.7072731852531433 489
1765048394907 1.029564380645752 490
1765048395252 1.0050667524337769 491
1765048395596 3.941962718963623 492
1765048395955 0.6963478326797485 493
1765048396296 2.584740400314331 494
1765048396673 1.6394894123077393 495
1765048397124 0.2880227565765381 496
1765048397570 1.743575096130371 497
1765048398006 3.8209941387176514 498
1765048398454 0.590406596660614 499
1765048398625 1.4151575565338135 500
