1765048188094 5e-05 1
1765048188474 4.99e-05 2
1765048188810 4.9800000000000004e-05 3
1765048189149 4.97e-05 4
1765048189499 4.96e-05 5
1765048189938 4.9500000000000004e-05 6
1765048190389 4.94e-05 7
1765048190807 4.93e-05 8
1765048191247 4.92e-05 9
1765048191716 4.91e-05 10
1765048192053 4.9e-05 11
1765048192394 4.89e-05 12
1765048192745 4.88e-05 13
1765048193079 4.87e-05 14
1765048193416 4.86e-05 15
1765048193764 4.85e-05 16
1765048194099 4.8400000000000004e-05 17
1765048194440 4.83e-05 18
1765048194792 4.82e-05 19
1765048195131 4.8100000000000004e-05 20
1765048195472 4.8e-05 21
1765048195825 4.79e-05 22
1765048196161 4.78e-05 23
1765048196503 4.77e-05 24
1765048196868 4.76e-05 25
1765048197204 4.75e-05 26
1765048197546 4.74e-05 27
1765048197902 4.73e-05 28
1765048198238 4.72e-05 29
1765048198574 4.71e-05 30
1765048198928 4.7e-05 31
1765048199263 4.69e-05 32
1765048199603 4.6800000000000006e-05 33
1765048199957 4.6700000000000003e-05 34
1765048200293 4.660000000000001e-05 35
1765048200632 4.6500000000000005e-05 36
1765048200988 4.64e-05 37
1765048201322 4.630000000000001e-05 38
1765048201662 4.6200000000000005e-05 39
1765048202107 4.61e-05 40
1765048202544 4.600000000000001e-05 41
1765048202970 4.5900000000000004e-05 42
1765048203414 4.58e-05 43
1765048203877 4.5700000000000006e-05 44
1765048204259 4.5600000000000004e-05 45
1765048204598 4.55e-05 46
1765048204941 4.5400000000000006e-05 47
1765048205297 4.53e-05 48
1765048205638 4.52e-05 49
1765048205800 4.5100000000000005e-05 50
1765048209481 4.5e-05 51
1765048209815 4.49e-05 52
1765048210154 4.4800000000000005e-05 53
1765048210512 4.47e-05 54
1765048210850 4.46e-05 55
1765048211188 4.4500000000000004e-05 56
1765048211539 4.44e-05 57
1765048211875 4.43e-05 58
1765048212213 4.4200000000000004e-05 59
1765048212564 4.41e-05 60
1765048212903 4.4000000000000006e-05 61
1765048213242 4.39e-05 62
1765048213601 4.38e-05 63
1765048213941 4.3700000000000005e-05 64
1765048214369 4.36e-05 65
1765048214812 4.35e-05 66
1765048215233 4.3400000000000005e-05 67
1765048215690 4.33e-05 68
1765048216156 4.32e-05 69
1765048216521 4.3100000000000004e-05 70
1765048216858 4.3e-05 71
1765048217203 4.29e-05 72
1765048217543 4.2800000000000004e-05 73
1765048217884 4.27e-05 74
1765048218222 4.26e-05 75
1765048218567 4.25e-05 76
1765048218911 4.24e-05 77
1765048219250 4.23e-05 78
1765048219597 4.22e-05 79
1765048219936 4.21e-05 80
1765048220274 4.2e-05 81
1765048220620 4.19e-05 82
1765048220978 4.18e-05 83
1765048221338 4.17e-05 84
1765048221697 4.16e-05 85
1765048222068 4.15e-05 86
1765048222433 4.14e-05 87
1765048222772 4.13e-05 88
1765048223113 4.12e-05 89
1765048223454 4.11e-05 90
1765048223795 4.1e-05 91
1765048224135 4.09e-05 92
1765048224478 4.08e-05 93
1765048224816 4.07e-05 94
1765048225156 4.0600000000000004e-05 95
1765048225498 4.05e-05 96
1765048225837 4.0400000000000006e-05 97
1765048226180 4.0300000000000004e-05 98
1765048226622 4.02e-05 99
1765048226792 4.0100000000000006e-05 100
1765048230930 4e-05 101
1765048231288 3.99e-05 102
1765048231640 3.9800000000000005e-05 103
1765048231983 3.97e-05 104
1765048232356 3.960000000000001e-05 105
1765048232703 3.9500000000000005e-05 106
1765048233042 3.94e-05 107
1765048233400 3.9300000000000007e-05 108
1765048233739 3.9200000000000004e-05 109
1765048234080 3.91e-05 110
1765048234439 3.9000000000000006e-05 111
1765048234780 3.8900000000000004e-05 112
1765048235126 3.88e-05 113
1765048235510 3.8700000000000006e-05 114
1765048235851 3.86e-05 115
1765048236193 3.85e-05 116
1765048236556 3.8400000000000005e-05 117
1765048236898 3.83e-05 118
1765048237240 3.82e-05 119
1765048237619 3.8100000000000005e-05 120
1765048237964 3.8e-05 121
1765048238309 3.79e-05 122
1765048238734 3.7800000000000004e-05 123
1765048239168 3.77e-05 124
1765048239614 3.76e-05 125
1765048240048 3.7500000000000003e-05 126
1765048240510 3.74e-05 127
1765048240875 3.73e-05 128
1765048241217 3.72e-05 129
1765048241560 3.71e-05 130
1765048241906 3.7e-05 131
1765048242250 3.69e-05 132
1765048242595 3.68e-05 133
1765048242941 3.6700000000000004e-05 134
1765048243283 3.66e-05 135
1765048243631 3.65e-05 136
1765048243974 3.6400000000000004e-05 137
1765048244312 3.63e-05 138
1765048244657 3.62e-05 139
1765048245001 3.61e-05 140
1765048245343 3.6e-05 141
1765048245691 3.59e-05 142
1765048246035 3.58e-05 143
1765048246378 3.57e-05 144
1765048246723 3.56e-05 145
1765048247083 3.55e-05 146
1765048247452 3.54e-05 147
1765048247813 3.53e-05 148
1765048248159 3.52e-05 149
1765048248326 3.51e-05 150
1765048252446 3.5e-05 151
1765048252906 3.49e-05 152
1765048253266 3.48e-05 153
1765048253610 3.4699999999999996e-05 154
1765048253954 3.46e-05 155
1765048254312 3.45e-05 156
1765048254661 3.4399999999999996e-05 157
1765048255006 3.430000000000001e-05 158
1765048255365 3.4200000000000005e-05 159
1765048255715 3.41e-05 160
1765048256060 3.4000000000000007e-05 161
1765048256421 3.3900000000000004e-05 162
1765048256765 3.38e-05 163
1765048257114 3.3700000000000006e-05 164
1765048257474 3.3600000000000004e-05 165
1765048257819 3.35e-05 166
1765048258182 3.3400000000000005e-05 167
1765048258535 3.33e-05 168
1765048258883 3.32e-05 169
1765048259231 3.3100000000000005e-05 170
1765048259571 3.3e-05 171
1765048259915 3.29e-05 172
1765048260263 3.2800000000000004e-05 173
1765048260606 3.27e-05 174
1765048260952 3.26e-05 175
1765048261300 3.2500000000000004e-05 176
1765048261650 3.24e-05 177
1765048261997 3.2300000000000006e-05 178
1765048262340 3.2200000000000003e-05 179
1765048262685 3.21e-05 180
1765048263100 3.2000000000000005e-05 181
1765048263548 3.19e-05 182
1765048263982 3.18e-05 183
1765048264427 3.1700000000000005e-05 184
1765048264901 3.16e-05 185
1765048265246 3.15e-05 186
1765048265606 3.1400000000000004e-05 187
1765048265956 3.13e-05 188
1765048266298 3.12e-05 189
1765048266646 3.1100000000000004e-05 190
1765048266990 3.1e-05 191
1765048267335 3.09e-05 192
1765048267689 3.08e-05 193
1765048268308 3.07e-05 194
1765048268649 3.06e-05 195
1765048268993 3.05e-05 196
1765048269336 3.04e-05 197
1765048269684 3.03e-05 198
1765048270028 3.02e-05 199
1765048270196 3.01e-05 200
1765048273855 3e-05 201
1765048274200 2.9900000000000002e-05 202
1765048274541 2.98e-05 203
1765048274887 2.97e-05 204
1765048275337 2.96e-05 205
1765048275774 2.95e-05 206
1765048276207 2.94e-05 207
1765048276654 2.93e-05 208
1765048277123 2.9199999999999998e-05 209
1765048277467 2.91e-05 210
1765048277812 2.9e-05 211
1765048278174 2.8899999999999998e-05 212
1765048278531 2.88e-05 213
1765048278878 2.87e-05 214
1765048279239 2.86e-05 215
1765048279580 2.8499999999999998e-05 216
1765048279924 2.84e-05 217
1765048280282 2.83e-05 218
1765048280626 2.8199999999999998e-05 219
1765048280968 2.8100000000000005e-05 220
1765048281326 2.8000000000000003e-05 221
1765048281670 2.7900000000000004e-05 222
1765048282015 2.7800000000000005e-05 223
1765048282386 2.7700000000000002e-05 224
1765048282729 2.7600000000000003e-05 225
1765048283074 2.7500000000000004e-05 226
1765048283434 2.7400000000000002e-05 227
1765048283776 2.7300000000000003e-05 228
1765048284120 2.7200000000000004e-05 229
1765048284478 2.7100000000000005e-05 230
1765048284822 2.7000000000000002e-05 231
1765048285165 2.6900000000000003e-05 232
1765048285526 2.6800000000000004e-05 233
1765048285871 2.6700000000000002e-05 234
1765048286213 2.6600000000000003e-05 235
1765048286569 2.6500000000000004e-05 236
1765048286917 2.64e-05 237
1765048287302 2.6300000000000002e-05 238
1765048287746 2.6200000000000003e-05 239
1765048288185 2.61e-05 240
1765048288629 2.6000000000000002e-05 241
1765048289122 2.5900000000000003e-05 242
1765048289531 2.58e-05 243
1765048289875 2.57e-05 244
1765048290220 2.5600000000000002e-05 245
1765048290563 2.5500000000000003e-05 246
1765048290910 2.54e-05 247
1765048291251 2.5300000000000002e-05 248
1765048291595 2.5200000000000003e-05 249
1765048291758 2.51e-05 250
1765048295314 2.5e-05 251
1765048295661 2.4900000000000002e-05 252
1765048296005 2.48e-05 253
1765048296344 2.47e-05 254
1765048296692 2.46e-05 255
1765048297033 2.45e-05 256
1765048297377 2.44e-05 257
1765048297723 2.43e-05 258
1765048298067 2.4200000000000002e-05 259
1765048298412 2.41e-05 260
1765048298761 2.4e-05 261
1765048299109 2.39e-05 262
1765048299463 2.38e-05 263
1765048299896 2.37e-05 264
1765048300335 2.36e-05 265
1765048300760 2.35e-05 266
1765048301217 2.3400000000000003e-05 267
1765048301643 2.3300000000000004e-05 268
1765048301987 2.32e-05 269
1765048302325 2.3100000000000002e-05 270
1765048302671 2.3000000000000003e-05 271
1765048303013 2.29e-05 272
1765048303354 2.2800000000000002e-05 273
1765048303698 2.2700000000000003e-05 274
1765048304041 2.26e-05 275
1765048304388 2.25e-05 276
1765048304731 2.2400000000000002e-05 277
1765048305072 2.23e-05 278
1765048305414 2.22e-05 279
1765048305759 2.2100000000000002e-05 280
1765048306100 2.2000000000000003e-05 281
1765048306443 2.19e-05 282
1765048306782 2.18e-05 283
1765048307127 2.1700000000000002e-05 284
1765048307471 2.16e-05 285
1765048307813 2.15e-05 286
1765048308152 2.1400000000000002e-05 287
1765048308494 2.13e-05 288
1765048308839 2.12e-05 289
1765048309181 2.11e-05 290
1765048309524 2.1e-05 291
1765048309868 2.09e-05 292
1765048310212 2.08e-05 293
1765048310556 2.07e-05 294
1765048310900 2.06e-05 295
1765048311243 2.05e-05 296
1765048311589 2.04e-05 297
1765048312029 2.0300000000000002e-05 298
1765048312481 2.0200000000000003e-05 299
1765048312650 2.01e-05 300
1765048316599 2e-05 301
1765048316944 1.9900000000000003e-05 302
1765048317294 1.9800000000000004e-05 303
1765048317646 1.97e-05 304
1765048317991 1.9600000000000002e-05 305
1765048318336 1.9500000000000003e-05 306
1765048318682 1.94e-05 307
1765048319028 1.93e-05 308
1765048319373 1.9200000000000003e-05 309
1765048319717 1.91e-05 310
1765048320061 1.9e-05 311
1765048320404 1.8900000000000002e-05 312
1765048320753 1.88e-05 313
1765048321098 1.87e-05 314
1765048321454 1.86e-05 315
1765048321797 1.85e-05 316
1765048322143 1.84e-05 317
1765048322486 1.83e-05 318
1765048322824 1.8200000000000002e-05 319
1765048323168 1.81e-05 320
1765048323515 1.8e-05 321
1765048323860 1.79e-05 322
1765048324295 1.78e-05 323
1765048324730 1.77e-05 324
1765048325167 1.76e-05 325
1765048325627 1.75e-05 326
1765048326126 1.74e-05 327
1765048326467 1.73e-05 328
1765048326805 1.7199999999999998e-05 329
1765048327183 1.7100000000000002e-05 330
1765048327527 1.7000000000000003e-05 331
1765048327871 1.69e-05 332
1765048328228 1.6800000000000002e-05 333
1765048328568 1.6700000000000003e-05 334
1765048328913 1.66e-05 335
1765048329274 1.65e-05 336
1765048329618 1.6400000000000002e-05 337
1765048329963 1.63e-05 338
1765048330328 1.62e-05 339
1765048330669 1.6100000000000002e-05 340
1765048331017 1.6000000000000003e-05 341
1765048331374 1.59e-05 342
1765048331717 1.58e-05 343
1765048332067 1.5700000000000002e-05 344
1765048332426 1.56e-05 345
1765048332784 1.55e-05 346
1765048333129 1.54e-05 347
1765048333491 1.53e-05 348
1765048333833 1.52e-05 349
1765048334001 1.51e-05 350
1765048338242 1.5e-05 351
1765048338594 1.49e-05 352
1765048338937 1.48e-05 353
1765048339278 1.47e-05 354
1765048339635 1.4599999999999999e-05 355
1765048339980 1.45e-05 356
1765048340320 1.44e-05 357
1765048340677 1.43e-05 358
1765048341043 1.42e-05 359
1765048341387 1.4099999999999999e-05 360
1765048341747 1.4000000000000001e-05 361
1765048342102 1.3900000000000002e-05 362
1765048342448 1.3800000000000002e-05 363
1765048342808 1.3700000000000001e-05 364
1765048343155 1.3600000000000002e-05 365
1765048343500 1.3500000000000001e-05 366
1765048343861 1.3400000000000002e-05 367
1765048344204 1.3300000000000001e-05 368
1765048344544 1.32e-05 369
1765048344904 1.3100000000000002e-05 370
1765048345252 1.3000000000000001e-05 371
1765048345594 1.29e-05 372
1765048345956 1.2800000000000001e-05 373
1765048346297 1.27e-05 374
1765048346644 1.2600000000000001e-05 375
1765048347006 1.25e-05 376
1765048347377 1.24e-05 377
1765048347727 1.23e-05 378
1765048348093 1.22e-05 379
1765048348552 1.2100000000000001e-05 380
1765048349000 1.2e-05 381
1765048349425 1.19e-05 382
1765048349877 1.18e-05 383
1765048350345 1.1700000000000001e-05 384
1765048350695 1.16e-05 385
1765048351039 1.1500000000000002e-05 386
1765048351385 1.1400000000000001e-05 387
1765048351729 1.13e-05 388
1765048352074 1.1200000000000001e-05 389
1765048352420 1.11e-05 390
1765048352762 1.1000000000000001e-05 391
1765048353107 1.09e-05 392
1765048353453 1.08e-05 393
1765048353793 1.0700000000000001e-05 394
1765048354134 1.06e-05 395
1765048354480 1.05e-05 396
1765048354823 1.04e-05 397
1765048355168 1.03e-05 398
1765048355515 1.02e-05 399
1765048355682 1.0100000000000002e-05 400
1765048359286 1e-05 401
1765048359634 9.900000000000002e-06 402
1765048359980 9.800000000000001e-06 403
1765048360326 9.7e-06 404
1765048360765 9.600000000000001e-06 405
1765048361224 9.5e-06 406
1765048361690 9.4e-06 407
1765048362142 9.3e-06 408
1765048362535 9.2e-06 409
1765048362878 9.100000000000001e-06 410
1765048363221 9e-06 411
1765048363567 8.9e-06 412
1765048363911 8.8e-06 413
1765048364260 8.7e-06 414
1765048364602 8.599999999999999e-06 415
1765048364944 8.500000000000002e-06 416
1765048365286 8.400000000000001e-06 417
1765048365631 8.3e-06 418
1765048365976 8.200000000000001e-06 419
1765048366319 8.1e-06 420
1765048366670 8.000000000000001e-06 421
1765048367015 7.9e-06 422
1765048367364 7.8e-06 423
1765048367710 7.7e-06 424
1765048368054 7.6e-06 425
1765048368397 7.5e-06 426
1765048368740 7.4e-06 427
1765048369081 7.2999999999999996e-06 428
1765048369427 7.2e-06 429
1765048369784 7.1e-06 430
1765048370141 7.000000000000001e-06 431
1765048370488 6.900000000000001e-06 432
1765048370830 6.800000000000001e-06 433
1765048371174 6.700000000000001e-06 434
1765048371535 6.6e-06 435
1765048371881 6.5000000000000004e-06 436
1765048372225 6.4000000000000006e-06 437
1765048372660 6.300000000000001e-06 438
1765048373107 6.2e-06 439
1765048373537 6.1e-06 440
1765048373985 6e-06 441
1765048374442 5.9e-06 442
1765048374784 5.8e-06 443
1765048375142 5.7000000000000005e-06 444
1765048375485 5.600000000000001e-06 445
1765048375824 5.500000000000001e-06 446
1765048376189 5.4e-06 447
1765048376531 5.3e-06 448
1765048376876 5.2e-06 449
1765048377045 5.1e-06 450
1765048380655 5e-06 451
1765048380998 4.9000000000000005e-06 452
1765048381355 4.800000000000001e-06 453
1765048381711 4.7e-06 454
1765048382092 4.6e-06 455
1765048382482 4.5e-06 456
1765048382824 4.4e-06 457
1765048383176 4.2999999999999995e-06 458
1765048383541 4.2000000000000004e-06 459
1765048383890 4.1000000000000006e-06 460
1765048384235 4.000000000000001e-06 461
1765048384680 3.9e-06 462
1765048385130 3.8e-06 463
1765048385589 3.7e-06 464
1765048386039 3.6e-06 465
1765048386503 3.5000000000000004e-06 466
1765048386849 3.4000000000000005e-06 467
1765048387201 3.3e-06 468
1765048387545 3.2000000000000003e-06 469
1765048387892 3.1e-06 470
1765048388246 3e-06 471
1765048388594 2.9e-06 472
1765048388939 2.8000000000000003e-06 473
1765048389284 2.7e-06 474
1765048389636 2.6e-06 475
1765048389981 2.5e-06 476
1765048390330 2.4000000000000003e-06 477
1765048390681 2.3e-06 478
1765048391026 2.2e-06 479
1765048391374 2.1000000000000002e-06 480
1765048391719 2.0000000000000003e-06 481
1765048392081 1.9e-06 482
1765048392430 1.8e-06 483
1765048392789 1.7000000000000002e-06 484
1765048393139 1.6000000000000001e-06 485
1765048393503 1.5e-06 486
1765048393862 1.4000000000000001e-06 487
1765048394205 1.3e-06 488
1765048394550 1.2000000000000002e-06 489
1765048394907 1.1e-06 490
1765048395252 1.0000000000000002e-06 491
1765048395596 9e-07 492
1765048395955 8.000000000000001e-07 493
1765048396296 7.000000000000001e-07 494
1765048396673 6.000000000000001e-07 495
1765048397124 5.000000000000001e-07 496
1765048397570 4.0000000000000003e-07 497
1765048398006 3.0000000000000004e-07 498
1765048398454 2.0000000000000002e-07 499
1765048398625 1.0000000000000001e-07 500
