1765048188094 0.7017 1
1765048188474 0.6797 2
1765048188810 0.6944 3
1765048189149 0.6631 4
1765048189499 0.6828 5
1765048189938 0.6862 6
1765048190389 0.6662 7
1765048190807 0.6591 8
1765048191247 0.6735 9
1765048191716 0.6909 10
1765048192053 0.6334 11
1765048192394 0.652 12
1765048192745 0.6347 13
1765048193079 0.6609 14
1765048193416 0.632 15
1765048193764 0.6261 16
1765048194099 0.66 17
1765048194440 0.6711 18
1765048194792 0.6285 19
1765048195131 0.6115 20
1765048195472 0.6194 21
1765048195825 0.6471 22
1765048196161 0.6381 23
1765048196503 0.6014 24
1765048196868 0.5947 25
1765048197204 0.6445 26
1765048197546 0.5826 27
1765048197902 0.5936 28
1765048198238 0.5896 29
1765048198574 0.5771 30
1765048198928 0.6031 31
1765048199263 0.5895 32
1765048199603 0.5904 33
1765048199957 0.5678 34
1765048200293 0.5956 35
1765048200632 0.5866 36
1765048200988 0.5742 37
1765048201322 0.5956 38
1765048201662 0.5702 39
1765048202107 0.6608 40
1765048202544 0.5657 41
1765048202970 0.5345 42
1765048203414 0.5795 43
1765048203877 0.5338 44
1765048204259 0.5581 45
1765048204598 0.5472 46
1765048204941 0.5263 47
1765048205297 0.5296 48
1765048205638 0.5237 49
1765048205800 0.5391 50
1765048209481 0.5627 51
1765048209815 0.5267 52
1765048210154 0.4975 53
1765048210512 0.4688 54
1765048210850 0.4602 55
1765048211188 0.505 56
1765048211539 0.4568 57
1765048211875 0.496 58
1765048212213 0.5601 59
1765048212564 0.4557 60
1765048212903 0.4825 61
1765048213242 0.4866 62
1765048213601 0.4762 63
1765048213941 0.4867 64
1765048214369 0.5315 65
1765048214812 0.4885 66
1765048215233 0.4799 67
1765048215690 0.4383 68
1765048216156 0.5788 69
1765048216521 0.4716 70
1765048216858 0.48 71
1765048217203 0.4345 72
1765048217543 0.5438 73
1765048217884 0.4197 74
1765048218222 0.4039 75
1765048218567 0.4003 76
1765048218911 0.4681 77
1765048219250 0.5438 78
1765048219597 0.4276 79
1765048219936 0.4377 80
1765048220274 0.3995 81
1765048220620 0.431 82
1765048220978 0.4177 83
1765048221338 0.4885 84
1765048221697 0.3734 85
1765048222068 0.5225 86
1765048222433 0.3832 87
1765048222772 0.3144 88
1765048223113 0.3696 89
1765048223454 0.3089 90
1765048223795 0.383 91
1765048224135 0.4005 92
1765048224478 0.3835 93
1765048224816 0.367 94
1765048225156 0.4071 95
1765048225498 0.3515 96
1765048225837 0.2899 97
1765048226180 0.3678 98
1765048226622 0.4134 99
1765048226792 0.3374 100
1765048230930 0.3094 101
1765048231288 0.3573 102
1765048231640 0.4623 103
1765048231983 0.3803 104
1765048232356 0.3067 105
1765048232703 0.3344 106
1765048233042 0.363 107
1765048233400 0.3583 108
1765048233739 0.2971 109
1765048234080 0.3926 110
1765048234439 0.2945 111
1765048234780 0.3401 112
1765048235126 0.2746 113
1765048235510 0.3556 114
1765048235851 0.269 115
1765048236193 0.2614 116
1765048236556 0.2883 117
1765048236898 0.348 118
1765048237240 0.3258 119
1765048237619 0.3149 120
1765048237964 0.326 121
1765048238309 0.3261 122
1765048238734 0.2394 123
1765048239168 0.3518 124
1765048239614 0.3068 125
1765048240048 0.3215 126
1765048240510 0.2384 127
1765048240875 0.2831 128
1765048241217 0.325 129
1765048241560 0.2939 130
1765048241906 0.365 131
1765048242250 0.2567 132
1765048242595 0.2352 133
1765048242941 0.2312 134
1765048243283 0.2299 135
1765048243631 0.2988 136
1765048243974 0.2781 137
1765048244312 0.206 138
1765048244657 0.3853 139
1765048245001 0.2518 140
1765048245343 0.2375 141
1765048245691 0.253 142
1765048246035 0.2894 143
1765048246378 0.2587 144
1765048246723 0.2203 145
1765048247083 0.1704 146
1765048247452 0.3528 147
1765048247813 0.3488 148
1765048248159 0.4255 149
1765048248326 0.2464 150
1765048252446 0.1966 151
1765048252906 0.2318 152
1765048253266 0.3177 153
1765048253610 0.222 154
1765048253954 0.3332 155
1765048254312 0.2811 156
1765048254661 0.1915 157
1765048255006 0.3197 158
1765048255365 0.3055 159
1765048255715 0.1891 160
1765048256060 0.1695 161
1765048256421 0.2065 162
1765048256765 0.1758 163
1765048257114 0.2155 164
1765048257474 0.2595 165
1765048257819 0.163 166
1765048258182 0.239 167
1765048258535 0.1577 168
1765048258883 0.1961 169
1765048259231 0.2483 170
1765048259571 0.2866 171
1765048259915 0.191 172
1765048260263 0.2256 173
1765048260606 0.2284 174
1765048260952 0.2251 175
1765048261300 0.1848 176
1765048261650 0.1767 177
1765048261997 0.2479 178
1765048262340 0.1628 179
1765048262685 0.1923 180
1765048263100 0.1332 181
1765048263548 0.1804 182
1765048263982 0.156 183
1765048264427 0.1672 184
1765048264901 0.1992 185
1765048265246 0.2127 186
1765048265606 0.1585 187
1765048265956 0.1796 188
1765048266298 0.1979 189
1765048266646 0.1633 190
1765048266990 0.282 191
1765048267335 0.1885 192
1765048267689 0.2055 193
1765048268308 0.1581 194
1765048268649 0.1656 195
1765048268993 0.2005 196
1765048269336 0.2189 197
1765048269684 0.1521 198
1765048270028 0.1725 199
1765048270196 0.2547 200
1765048273855 0.1191 201
1765048274200 0.1302 202
1765048274541 0.167 203
1765048274887 0.1704 204
1765048275337 0.1525 205
1765048275774 0.1446 206
1765048276207 0.1284 207
1765048276654 0.1785 208
1765048277123 0.1542 209
1765048277467 0.1083 210
1765048277812 0.1358 211
1765048278174 0.1424 212
1765048278531 0.2408 213
1765048278878 0.2095 214
1765048279239 0.2312 215
1765048279580 0.1749 216
1765048279924 0.1612 217
1765048280282 0.1788 218
1765048280626 0.1949 219
1765048280968 0.184 220
1765048281326 0.2159 221
1765048281670 0.2095 222
1765048282015 0.1344 223
1765048282386 0.1576 224
1765048282729 0.199 225
1765048283074 0.1018 226
1765048283434 0.133 227
1765048283776 0.2845 228
1765048284120 0.1406 229
1765048284478 0.1384 230
1765048284822 0.1704 231
1765048285165 0.151 232
1765048285526 0.1374 233
1765048285871 0.1134 234
1765048286213 0.0949 235
1765048286569 0.0891 236
1765048286917 0.0958 237
1765048287302 0.1114 238
1765048287746 0.2194 239
1765048288185 0.1847 240
1765048288629 0.1145 241
1765048289122 0.1278 242
1765048289531 0.1604 243
1765048289875 0.0859 244
1765048290220 0.1421 245
1765048290563 0.1713 246
1765048290910 0.1562 247
1765048291251 0.1096 248
1765048291595 0.1526 249
1765048291758 0.1392 250
1765048295314 0.1261 251
1765048295661 0.0807 252
1765048296005 0.093 253
1765048296344 0.1012 254
1765048296692 0.0856 255
1765048297033 0.1378 256
1765048297377 0.1703 257
1765048297723 0.1284 258
1765048298067 0.1906 259
1765048298412 0.0768 260
1765048298761 0.1125 261
1765048299109 0.1197 262
1765048299463 0.1302 263
1765048299896 0.0908 264
1765048300335 0.0938 265
1765048300760 0.2121 266
1765048301217 0.095 267
1765048301643 0.1596 268
1765048301987 0.1667 269
1765048302325 0.083 270
1765048302671 0.0842 271
1765048303013 0.1175 272
1765048303354 0.124 273
1765048303698 0.2394 274
1765048304041 0.1628 275
1765048304388 0.088 276
1765048304731 0.3884 277
1765048305072 0.1457 278
1765048305414 0.1205 279
1765048305759 0.1459 280
1765048306100 0.1734 281
1765048306443 0.1127 282
1765048306782 0.1942 283
1765048307127 0.0682 284
1765048307471 0.0822 285
1765048307813 0.0958 286
1765048308152 0.1095 287
1765048308494 0.1736 288
1765048308839 0.1053 289
1765048309181 0.221 290
1765048309524 0.1025 291
1765048309868 0.1312 292
1765048310212 0.3361 293
1765048310556 0.0945 294
1765048310900 0.1287 295
1765048311243 0.1008 296
1765048311589 0.0947 297
1765048312029 0.2107 298
1765048312481 0.2632 299
1765048312650 0.2222 300
1765048316599 0.0713 301
1765048316944 0.0702 302
1765048317294 0.1102 303
1765048317646 0.0874 304
1765048317991 0.0883 305
1765048318336 0.3624 306
1765048318682 0.0872 307
1765048319028 0.1334 308
1765048319373 0.0985 309
1765048319717 0.1062 310
1765048320061 0.0969 311
1765048320404 0.1 312
1765048320753 0.0756 313
1765048321098 0.0784 314
1765048321454 0.1642 315
1765048321797 0.0868 316
1765048322143 0.0749 317
1765048322486 0.141 318
1765048322824 0.2438 319
1765048323168 0.0805 320
1765048323515 0.1535 321
1765048323860 0.0639 322
1765048324295 0.115 323
1765048324730 0.0732 324
1765048325167 0.1361 325
1765048325627 0.0601 326
1765048326126 0.0605 327
1765048326467 0.0993 328
1765048326805 0.1054 329
1765048327183 0.1057 330
1765048327527 0.2923 331
1765048327871 0.0605 332
1765048328228 0.0839 333
1765048328568 0.4125 334
1765048328913 0.1331 335
1765048329274 0.0728 336
1765048329618 0.0731 337
1765048329963 0.1379 338
1765048330328 0.1327 339
1765048330669 0.0877 340
1765048331017 0.1718 341
1765048331374 0.178 342
1765048331717 0.2913 343
1765048332067 0.1013 344
1765048332426 0.0581 345
1765048332784 0.0675 346
1765048333129 0.1034 347
1765048333491 0.0735 348
1765048333833 0.0688 349
1765048334001 0.091 350
1765048338242 0.3076 351
1765048338594 0.0617 352
1765048338937 0.0893 353
1765048339278 0.1556 354
1765048339635 0.1207 355
1765048339980 0.0663 356
1765048340320 0.1901 357
1765048340677 0.0702 358
1765048341043 0.093 359
1765048341387 0.1453 360
1765048341747 0.1313 361
1765048342102 0.0778 362
1765048342448 0.0527 363
1765048342808 0.0927 364
1765048343155 0.0747 365
1765048343500 0.2076 366
1765048343861 0.1242 367
1765048344204 0.0957 368
1765048344544 0.0869 369
1765048344904 0.1262 370
1765048345252 0.0618 371
1765048345594 0.1001 372
1765048345956 0.0487 373
1765048346297 0.089 374
1765048346644 0.0738 375
1765048347006 0.0485 376
1765048347377 0.0525 377
1765048347727 0.0564 378
1765048348093 0.138 379
1765048348552 0.0913 380
1765048349000 0.1145 381
1765048349425 0.1135 382
1765048349877 0.0892 383
1765048350345 0.1264 384
1765048350695 0.06 385
1765048351039 0.0519 386
1765048351385 0.1256 387
1765048351729 0.0732 388
1765048352074 0.0516 389
1765048352420 0.0661 390
1765048352762 0.1456 391
1765048353107 0.1178 392
1765048353453 0.0767 393
1765048353793 0.0688 394
1765048354134 0.0608 395
1765048354480 0.0857 396
1765048354823 0.0726 397
1765048355168 0.111 398
1765048355515 0.078 399
1765048355682 0.0748 400
1765048359286 0.0494 401
1765048359634 0.0531 402
1765048359980 0.0938 403
1765048360326 0.1697 404
1765048360765 0.074 405
1765048361224 0.0935 406
1765048361690 0.0905 407
1765048362142 0.0912 408
1765048362535 0.102 409
1765048362878 0.0595 410
1765048363221 0.3024 411
1765048363567 0.0536 412
1765048363911 0.0498 413
1765048364260 0.0863 414
1765048364602 0.0682 415
1765048364944 0.053 416
1765048365286 0.0838 417
1765048365631 0.1923 418
1765048365976 0.2423 419
1765048366319 0.1046 420
1765048366670 0.0753 421
1765048367015 0.0764 422
1765048367364 0.0619 423
1765048367710 0.0824 424
1765048368054 0.0871 425
1765048368397 0.0557 426
1765048368740 0.1155 427
1765048369081 0.0508 428
1765048369427 0.0692 429
1765048369784 0.0602 430
1765048370141 0.056 431
1765048370488 0.3967 432
1765048370830 0.2874 433
1765048371174 0.0511 434
1765048371535 0.1223 435
1765048371881 0.0507 436
1765048372225 0.0732 437
1765048372660 0.119 438
1765048373107 0.0912 439
1765048373537 0.0435 440
1765048373985 0.0621 441
1765048374442 0.0708 442
1765048374784 0.1219 443
1765048375142 0.0481 444
1765048375485 0.0846 445
1765048375824 0.1309 446
1765048376189 0.0695 447
1765048376531 0.2195 448
1765048376876 0.0886 449
1765048377045 0.0565 450
1765048380655 0.2034 451
1765048380998 0.1899 452
1765048381355 0.0555 453
1765048381711 0.047 454
1765048382092 0.0895 455
1765048382482 0.1165 456
1765048382824 0.0554 457
1765048383176 0.0477 458
1765048383541 0.0486 459
1765048383890 0.0746 460
1765048384235 0.0683 461
1765048384680 0.0496 462
1765048385130 0.0485 463
1765048385589 0.0626 464
1765048386039 0.0473 465
1765048386503 0.0532 466
1765048386849 0.0586 467
1765048387201 0.0567 468
1765048387545 0.0998 469
1765048387892 0.093 470
1765048388246 0.0864 471
1765048388594 0.06 472
1765048388939 0.0415 473
1765048389284 0.1013 474
1765048389636 0.2289 475
1765048389981 0.1912 476
1765048390330 0.0713 477
1765048390681 0.075 478
1765048391026 0.072 479
1765048391374 0.0545 480
1765048391719 0.0705 481
1765048392081 0.1202 482
1765048392430 0.0564 483
1765048392789 0.0476 484
1765048393139 0.0519 485
1765048393503 0.0458 486
1765048393862 0.0828 487
1765048394205 0.1412 488
1765048394550 0.0456 489
1765048394907 0.0629 490
1765048395252 0.0613 491
1765048395596 0.145 492
1765048395955 0.0732 493
1765048396296 0.0867 494
1765048396673 0.0746 495
1765048397124 0.0427 496
1765048397570 0.077 497
1765048398006 0.2272 498
1765048398454 0.0527 499
1765048398625 0.1169 500
